7834
-3005
5873
-6947
-8782
-1180
-7237
-5596
5089
3419
8269
6882
5293
3660
5047
-1457
5902
-2508
9772
1488
-1355
826
-9389
-1266
3709
3133
3579
-5901
6905
8259
-6881
-1612
-1101
-5573
2652
-3726
7959
5543
-4256
9022
2771
-6488
3871
9616
1945
-2121
-6526
-4690
4869
9934
-2449
2103
4773
-4833
4519
9981
5672
-7193
2394
8041
-4907
-6759
9957
3917
-6359
-8243
-6535
3059
3820
9515
5926
-7145
3674
6198
4011
8147
1895
8760
-2038
-5188
-5578
883
5463
6903
7354
-4743
4269
-3479
2958
9905
9457
3699
-8144
-4754
-2595
-627
9340
6228
-6514
8936
