6037
4959
486
-2893
-8498
4984
-3283
-3176
-2542
4912
-3676
7505
-3836
8277
-5400
-1852
-6371
2118
4602
9898
2661
4571
-9066
1693
8541
-4566
1085
8598
-686
-9194
-7358
-5815
4843
-6266
-247
8058
5294
-1067
3978
7448
2772
-3338
6515
2477
8543
4985
3052
7355
5902
2416
-4401
-1393
-96
-3458
-8168
5981
-6424
5549
5605
-8123
-1618
4157
-619
3902
-6889
-8970
3993
6514
3874
-436
3143
5769
-5183
-7267
-5124
-6350
-2419
-9113
-1053
22
3390
2035
1198
628
-8509
-7782
-2371
2617
-5392
-1067
-1324
4999
251
-7359
4500
367
-9260
3011
6820
1781
-9341
8221
-7830
-2633
-9227
-2213
-5849
-1779
7691
9492
6558
5386
298
475
6088
-4917
-8460
8699
-3605
-9984
-1307
1080
-9987
2161
4473
-5680
-8733
-3104
-2235
-8073
2180
7980
5528
-2928
-7135
9534
-7934
3066
9920
-7977
3255
7624
-4402
2671
-9328
5962
171
7021
-8010
7253
5182
2432
7019
7339
8609
-400
5260
-478
-6148
911
-6825
882
-9942
-6673
-3394
-4653
-2295
3630
-9456
2331
-3431
4003
4507
1782
3571
3491
5516
5534
8292
4695
-2222
1533
-6465
9899
3296
-4818
-1141
7542
-4606
-1329
-118
5538
1405
-1575
-6580
-4419
5902
9957
104
-833
8676
-6906
326
2390
-4604
-161
2467
-3281
-4927
-1791
-1050
-1631
-9485
7851
-8903
2152
5060
9801
2765
6794
-4671
-8705
5311
-2936
6950
1922
4840
-9222
-3876
4228
-6649
-3877
-6822
-9512
-206
-9209
-5825
-4466
8267
4455
5996
-9375
288
-2352
-8894
-2651
9143
-5501
2056
1477
-6575
5230
-6338
7485
909
9140
1021
6973
3088
5566
-2132
-4874
1409
1742
695
4368
9918
-9255
5026
1148
-6087
-8340
1498
-1323
7410
1789
3118
-1549
2476
-4803
-5594
2199
3779
-1442
-757
-471
-965
-1190
-2671
-7667
3705
2388
-9253
-9536
1532
373
-4947
-2817
4607
5586
-3691
2037
4719
-1269
7608
-9427
2890
-4385
9726
1171
-2692
-3544
4666
-3974
-9929
4341
-190
-4538
8283
1547
4670
2882
-664
6213
6575
-6674
-268
8101
8641
-7035
5367
2610
-9237
-9509
-4194
9133
-7080
6636
8193
2382
5994
-7384
1349
8432
-1545
3720
-5432
6863
-2131
-8335
2138
9984
-1403
2597
2036
-6262
7385
1628
2906
-195
-7097
8265
-87
339
-5707
-9444
5089
6186
7079
6205
-9575
3668
-1515
7055
-5921
-2222
-7715
2413
6538
-4836
-6735
-814
-2741
5828
9805
-8994
-7831
3761
-1030
7215
6364
469
-5019
-5145
3836
-1425
-9091
287
-6575
-5319
-491
3972
-9567
-8256
-7014
-4151
-9536
-5259
7595
-6904
5328
-4123
8187
5653
5006
4044
127
3122
-2788
6391
-7152
7356
-7749
-7915
-1380
1388
-6077
4910
8296
-913
-8157
6565
5439
-6878
-9347
-2282
-6801
-7285
8231
-411
-9532
-904
-1027
220
4253
-6131
9982
-2931
-7206
2247
2231
-700
5912
-1665
9033
-5484
7109
-9995
8807
-1431
1936
2907
-6470
-2828
-1760
-4208
5632
-9135
4339
5198
-8841
-8218
-4782
-1608
9752
-8658
5115
-7721
7403
8512
-7915
-6342
-4830
-5381
3991
6332
9476
-955
-7256
-1612
6241
4430
-6635
7549
574
9970
6199
-1183
8533
-6430
4385
499
-907
8053
-2901
-5483
3412
-8302
6750
-2646
1753
655
-9160
5858
7662
-8004
2867
-9627
283
-375
-8951
-8621
2916
-9799
7975
-8637
-9110
-7474
-1473
3829
-9650
-6110
1298
-3497
-1422
7897
-2551
8310
6609
9383
-2800
4882
7278
3697
5888
-4517
-7235
-7661
4552
9750
4744
1525
9376
-1301
-7051
6092
8354
-2969
9600
-9780
-3918
4674
-9733
5554
-5756
5119
3517
-3586
3260
7931
1793
-262
355
8373
3384
6877
-7242
4187
-4299
5425
6072
7860
-2818
-5682
8036
9059
9245
-1043
9696
-270
4694
6011
-3969
9787
-5376
-4517
6167
2037
-2263
-9969
512
-4293
-1810
9519
6130
-9088
6703
-7854
7033
1002
-4277
-9120
-1603
6486
7212
-5943
6506
7944
-9707
3845
-2625
3211
3955
807
4938
-488
1006
-9430
2624
7769
3842
-1363
8372
-8165
8020
2031
-8966
1748
-358
395
-7545
-2287
4587
-6975
-1992
7473
-8710
4409
7351
2877
7768
9200
-7571
3579
2168
485
7392
9999
-798
5838
5270
-2117
-712
6879
-5857
-8142
-6442
757
2257
-2877
6174
-6756
2049
889
-6099
7976
5789
-7331
7057
-1740
6056
-2298
7411
-6573
-6454
-9193
3831
-159
-7772
-8925
-2030
-1547
-5467
-4866
-6214
7519
-2632
1204
7592
3792
-3611
5801
-3856
-2404
-4939
5013
-7650
-7535
-4430
-4941
-556
7907
926
-6468
-9467
5905
-4021
8897
-6126
-3430
-6260
-4071
-8834
-5657
7529
-3895
-2420
5624
5196
-8052
1424
-6469
-1113
-165
5401
1470
0
1467
-4828
-6446
8540
5063
-852
-7428
8435
-7100
6771
6536
476
-9354
-5603
-2195
-1188
-40
3207
-4450
-455
-1583
7917
-4630
3421
9900
9577
2821
-916
8130
-3544
-3317
1762
-4872
-5197
-2520
6796
9469
5347
-1047
4861
7166
-5077
-8725
-4745
9590
-2805
7757
-855
7946
2880
7011
-8552
689
968
-1174
-1887
2440
-6043
-6026
5755
-634
-9136
6031
-3923
-8047
-5773
-6608
596
-4720
795
4303
7902
-969
5204
-9080
8280
7694
-419
4812
6486
-6411
-8095
-680
6756
-1359
9025
3341
-4038
-1664
203
-8824
4614
-6528
-9457
-7219
-2455
-2593
-9522
-5833
-9471
5371
5549
-9120
-5895
6142
-4667
4781
7093
-5261
2550
6412
8453
-4942
3842
2667
2048
9392
-8529
-5999
9998
-3155
9374
-103
7630
9007
-663
-1289
3342
-8043
290
-5219
-9663
9644
5475
6298
-1100
-4050
-2200
648
-511
-2250
-8131
2047
-2449
2656
9554
-6352
-8324
-6506
-415
-9550
2686
5937
-9621
1732
-4819
-8730
-1572
-3992
1719
5620
-9192
7458
8696
5409
-8919
-8847
9920
7361
112
7461
-5215
4642
2377
-6309
2697
-2166
9632
9138
-7533
583
2799
4397
322
1012
7149
-2853
8075
-7165
314
830
9065
-8947
-451
-3047
7508
-4517
-1683
-9881
6442
7171
2997
-4890
-4090
-2374
9463
-3995
2819
856
478
6830
5558
-4008
-2961
3272
-3698
-1353
818
7115
-4986
9143
2955
7760
3217
173
2147
-6296
-4903
7504
-8314
5314
-9413
5659
179
-7696
-9907
-9768
-6525
-8043
-8827
-5660
-1186
3532
3619
-7470
219
9353
-56
6237
-9007
-8895
-7987
6019
938
5329
-3088
-5381
6892
-3108
-9353
6832
-3327
4222
