-9033
-9805
-96
-2717
9101
-681
7928
5725
7498
-8823
-3271
6623
-285
-9033
-8607
2717
1391
-4673
3447
1039
8977
2466
-5947
-6333
9985
-4916
-8007
2806
8659
-5362
-3575
-7543
-8951
-7763
224
-5237
-4289
7982
386
-6847
-7286
9907
-8105
831
6009
1503
-5108
6974
3325
-2062
2624
9979
-9389
-3762
1792
4131
-745
-8529
-297
-3481
-7453
-5711
7124
3307
-9597
4419
355
-4194
1251
7388
8957
8888
2263
1800
3451
-5522
-9942
-3239
9813
-4295
915
-8926
368
-7213
-7673
4702
-9897
-1632
-5494
-6200
-6529
-5681
1122
9519
-9147
8849
3903
-9875
-7740
-355
9598
-9251
7926
2340
-2985
3223
5155
7938
-6244
-8155
-2752
-8748
-4247
-523
-8425
7260
7579
-6881
8446
4702
-1214
774
-948
-6701
6981
-2008
4503
-7035
5697
1793
-685
-1981
3289
-2350
6695
5352
2757
9259
-3600
2938
-3011
-555
2254
-140
1785
9926
-1466
-3158
5331
2567
-2036
-686
4277
4764
315
-9958
-120
7902
-5238
4329
9387
2733
1158
8523
2362
9832
-5663
-4563
620
-8274
-3245
-158
5551
-7671
-6573
8394
2212
933
8861
-7263
-3414
-8546
-5873
9817
3341
-6395
4160
-5717
-7224
3535
8636
9676
-9432
3136
-213
1541
-9401
7163
5853
4831
-6365
-6088
4206
-949
643
-2434
3569
3794
1982
4350
2219
4851
445
460
532
3249
9241
6941
-4138
9203
-8387
413
-907
1032
6906
4411
-6794
-6408
1866
3310
638
-558
-4701
9119
-7527
-4539
2150
-8356
-3808
-5842
8988
-723
5136
-7676
-7420
-387
4194
-9888
-8931
110
-945
-1522
6032
-7307
42
7612
6242
-2473
3398
-1183
-2844
1809
7133
4498
7736
4996
-1593
6445
-5436
7637
-450
1634
2005
2294
4206
6088
4191
3565
7339
-7872
-1899
7787
-7402
6804
9840
-3067
4607
-5878
2288
3990
1841
-1543
4480
5901
-8117
-9681
-9555
3768
-430
-9326
5399
-4651
1900
-1554
2708
-6884
3211
8974
-8221
-3122
3360
-5289
4935
-8135
1807
-7918
5826
4171
8929
-9657
-1704
4771
9934
3909
-5519
6481
-1272
-6821
-209
9989
7462
-4756
7300
4001
-1263
-1107
-8769
2324
-9501
-1460
-3276
-1095
5621
4155
9052
-6378
102
-4346
-9253
-5188
-9673
4140
-2676
-8432
7517
1044
-1567
3961
-1698
-6293
8392
9167
2429
4786
-3069
9563
2893
-2260
6079
8544
-5017
3130
-7327
-34
8261
753
-1483
7193
4655
-9297
-4507
3185
-6277
-78
-8832
-2161
-911
-6233
-1382
-9507
4296
2291
1233
4075
-1605
-4322
9852
9125
-7884
1924
-2725
3939
8302
-8818
1720
9574
4924
-4063
1136
-35
-373
6448
9700
-9630
6569
-3505
-8392
858
-1972
3833
6322
-1581
9944
8214
616
-3989
5649
9667
-3206
-5453
-6089
7624
3007
960
7134
6534
-9655
-8991
26
5498
-915
5518
9488
7431
-2867
3005
-2281
-115
6222
-7332
7202
3115
5614
2965
3891
-4070
-2933
2998
7008
5446
2497
1542
6529
3879
3894
-6330
-8052
-8843
9000
-4764
-4540
3386
-4783
-5433
-3299
4887
-4094
-282
6899
-3782
9549
7099
-244
-4579
-7305
240
-5077
6952
5015
2556
-6229
9957
-1847
-6710
-6937
-4017
-625
3403
396
-8933
1448
-6092
-3026
-9351
-1086
-9876
5860
6638
582
9884
-7351
-4021
-4162
-1886
-2935
1985
386
-7904
-3053
3186
-5842
-7510
6343
6055
4323
-8979
8923
-9105
-3979
-9682
-4278
8678
4565
3461
9164
-4859
3301
1152
-291
2595
7602
2576
9439
-8860
-6131
-9618
1867
5368
-5373
-1847
-8192
-4771
4533
-8941
8729
4658
-1356
-7916
6892
1368
3933
-5339
9624
9262
-9646
57
-5862
-2117
-316
-331
6721
2310
-2769
-3522
-1005
-4578
-1520
8757
2720
2075
2864
-4647
5738
259
-7352
-9124
7308
4432
-1590
3968
-4970
6271
3152
-7858
8443
2876
8667
-5204
-843
-8538
7058
1752
-7141
7963
-5532
-7134
-9438
-4167
4587
-7366
-1753
8789
9471
-8363
5800
4698
-1607
8707
-9058
5183
7769
8573
-8777
2353
-282
-6961
-9664
-5219
-211
6058
3137
-3769
8673
8648
-7105
-646
-1879
9335
-5354
-3048
8916
-8184
-2015
8781
-2199
384
-116
-5399
-9820
8955
-7666
9220
1002
-9586
-3473
-7584
-5864
6405
9614
-6159
4856
1244
-3392
-2690
-8513
8004
3933
7423
-341
7208
-9204
6360
3018
-6316
4337
4134
-296
-6432
-1982
3491
5823
-2297
-7912
-7716
2221
7325
2293
-9728
-4006
-3087
-3456
-2970
5263
-9354
2404
-2080
-3831
4441
-8462
-4884
1978
7708
-2992
-1541
-4945
-2577
-1845
7092
9443
8470
9640
5421
-6420
2372
2395
9908
2039
-2957
2486
-501
1453
-5129
-2936
-5360
-6995
14
6722
-7815
-5656
6014
-6725
9147
-1044
-9837
6447
1618
-5893
5481
-1181
-4067
264
-3662
-2837
-1298
-8492
-1962
7189
-6015
-6640
3074
5820
6101
4049
1751
1149
-7547
-8051
-8938
-1274
7223
2898
8815
-768
-4483
-6271
8542
2279
-2942
5456
8182
-7938
-7591
3965
-4386
7304
-5926
2834
4465
-8618
-3845
1194
4975
-8507
-5216
7085
-2188
-8781
-1505
4559
4425
-7125
5980
194
6187
-1676
-2892
9143
-6870
-9232
6155
5637
9933
-2032
5164
-9039
6201
-2929
5170
-5927
-6470
-9705
9997
-5894
-8641
6303
1718
9410
5340
-6438
7326
6004
5811
4626
4379
3933
-7507
-3151
-9059
-2248
-157
-2339
2701
-6712
9108
-5655
-4209
-7979
-1208
8862
6472
7631
-3908
9520
386
5298
-4456
4852
254
484
6183
-4539
7257
3733
1921
310
-1055
7296
-9908
-9564
2846
1788
-6212
-2436
-7112
3269
-3448
862
6985
-7916
7521
5001
9890
-1164
-3487
7168
3419
-2768
2038
3669
1864
-8234
2608
9063
6619
2034
8997
8581
7871
-3679
-9985
-1110
9217
-1446
-9164
-8599
5909
8846
6165
-8242
7883
-3491
-5188
4727
-5271
-4718
6185
7979
-6366
-1830
6121
9866
-3670
-8021
-2322
-9153
8426
3051
-3644
5734
-9460
-3779
7794
-8194
1064
-33
-7218
2743
9009
6127
-5613
-7975
-1911
-4020
-829
539
3692
5326
9984
5938
4945
-9107
722
2690
-6798
3422
5152
-4984
8023
-554
8754
6917
-9828
9453
-2960
5836
-6224
9918
-6541
-7712
1130
7202
-7881
6510
9057
-594
-3263
-150
5126
9738
-4585
-850
-4575
-2162
7506
6790
-4098
446
728
1331
5207
-471
9850
471
9679
-7916
-8329
4094
-8637
45
6700
-989
-7970
6626
-2459
-9351
2993
1022
-6281
-4916
8536
-3426
-4229
-3543
-5576
-2501
-6767
8845
-5426
-2536
7517
2844
-1097
9990
-5149
5829
-1473
-5112
3144
-7741
-3321
581
-1023
2191
-2924
6453
-2237
-8033
461
1714
7225
-1203
-1610
9923
9001
1208
3122
-8536
9340
5161
1653
4032
1333
-5297
-7899
464
1484
-8215
-6076
3570
3559
-7195
-969
-2891
7811
-6763
-1595
-7781
-2068
3257
5177
1507
4290
7817
5551
-7343
1131
-5098
671
-9260
5807
-7866
-6097
-4038
2770
6533
-6102
-1492
-5543
-1110
-3470
-9087
180
-8702
-5734
-3655
2061
-400
6860
-5627
2289
8397
5936
4122
8063
-892
-6633
-8504
-2757
-9555
4867
-6066
2778
381
-8993
-849
-9833
3254
-6616
7370
-9107
2846
8573
-8693
4350
7440
-4612
-7622
8659
4920
-8068
8293
-1814
7008
3234
2494
-8060
-8104
-1060
8348
4463
5237
-365
3931
-895
1182
-6788
-1508
-1288
-5937
-1840
-4478
-692
3840
-4786
-5986
-4097
1970
612
1499
-19
4076
9200
-7677
1477
7494
5902
-2855
-6305
-5966
-9583
308
-1321
9447
2723
7519
4034
1136
-5763
-9005
8075
5905
8502
1289
-4106
-4874
2926
-2034
914
5500
-4082
5194
-2910
4336
-5687
2311
4356
-7798
8060
5809
3421
4751
7544
-4127
-4687
9504
6330
-4237
-3679
7583
6043
9172
1687
-8894
-7040
-1856
-5025
-2094
-7027
7020
2896
-2642
8574
-8541
-9429
7748
1600
-6433
-7472
-683
-383
1299
-8019
-5686
8714
4279
-1562
9306
9739
-9142
9198
-6226
1530
7907
-7917
4256
1615
-2439
-8707
-7728
6788
4830
-4092
-791
3194
-9282
-7570
-9549
-7600
8268
-6569
-4778
3116
-172
-8923
2710
9373
25
4080
1156
1491
-1989
445
-790
8059
-7689
-9239
-8419
-231
8180
6352
1104
-9449
-3426
-7944
-6266
-5479
-1016
173
-8295
634
-1632
-8009
-5498
7000
3429
5239
-3271
-9371
-9350
2120
3026
3604
-555
-6737
6769
-5606
-566
-7926
9996
5047
-8810
1300
-7209
2530
-881
-6256
1113
2061
-2846
-3552
-8884
8517
431
4191
3971
-4044
-4452
1681
-647
-3467
3377
2190
-2058
-5655
714
8083
-361
9220
-4759
9472
-7002
-7654
-2194
4720
-5952
4197
2947
-9268
-3080
6028
1542
9437
2065
4447
-8414
-2658
8438
-6019
-4107
4672
-6405
-5202
3865
707
6950
4874
-5865
-9677
5939
6521
-7243
1334
-2448
9719
8116
-341
-7872
-5117
8692
-8441
-7594
808
595
-3873
-493
-9888
5657
-5511
-2525
8155
-6740
-6149
-7599
-2772
8998
-9197
3623
-3483
274
-9653
5949
3602
-9507
-8846
4411
-637
2029
-1675
-4211
-4778
2891
-9043
-8682
1873
-3375
-1777
7218
5974
6517
-2731
-3443
3403
4756
5968
4782
-8428
-3207
-8812
8892
-415
3760
-1175
7210
7006
1924
5701
224
4969
8867
346
1816
-4620
-7298
7720
-8873
-8026
7714
3074
6756
7467
-7262
8776
-5358
8015
-2820
-1249
-8155
-7696
-4550
3600
3107
-4057
-3788
-1174
2526
1623
-5985
8363
5839
4058
8003
5750
-8388
-2511
-6317
4593
1553
-9613
8301
3375
4991
6092
8726
-4722
-5900
-259
4817
2902
6660
-4181
8475
1089
5791
841
-8329
-682
7972
-6777
4063
-59
-9206
1335
579
5874
-8183
78
116
-4034
4700
8928
2926
-4162
-3382
-6158
7365
2556
-1596
5366
-5238
7984
8979
2374
-1849
8971
4690
5991
9626
6391
-9690
3324
-4785
3050
2924
479
-4933
6478
1901
2297
379
-7340
9696
9794
3740
-3426
5221
482
7935
-5246
1507
-4882
4018
-3216
-9899
-7787
-1344
-8346
-2236
8814
6725
-9989
4799
-6963
-2769
9305
5388
-9627
-1815
5539
-5663
1426
-8603
-2541
2868
-1199
2766
-7840
2449
-8565
-6532
4555
4182
7813
9003
82
6531
7055
9868
-6854
1975
-5504
-5793
4786
8019
-1621
-585
-9631
1747
-8822
5319
-8783
8428
8379
-499
673
114
-7849
7058
6688
-4010
4616
9409
-781
-2952
-6059
-7668
-332
5999
-9210
-6399
1207
-834
-6637
-4604
4312
8620
2998
-8160
4560
-5784
-4881
-8430
-9804
-6225
111
5276
-6385
-2974
6000
-4424
4868
-5232
-9066
-602
-163
-3793
3772
7860
273
-4150
167
5586
8643
-4168
8411
-6474
-425
7675
7101
-1311
-4495
-1601
4845
-6167
3469
5627
-1117
6017
-6538
500
-2466
2328
-723
-8307
-8555
650
8840
177
-9519
4629
8443
-50
199
5866
2675
1009
-2191
-6627
-8660
5562
6953
2519
-7226
-8379
-3673
-8762
-2247
-9989
-1903
8445
-4568
1151
937
81
-5339
-1662
-8785
4560
-5
801
3102
8118
6707
-2570
-9624
5407
9115
3497
8036
4464
-3234
-1418
2931
3205
-5511
-5993
-7631
-7012
3302
7535
6637
-741
2356
-8587
7141
4170
341
4182
1403
-8742
-8576
1939
1112
-8626
-7253
-44
-3913
4281
-3611
6773
-2454
-8095
-3439
-4478
5657
8781
-5580
5253
-3912
-6243
3845
3244
-2711
1557
-3068
4742
-4842
-7870
-7237
-9312
2474
-8147
-236
5402
577
5620
9593
-5329
3134
-5891
-4341
-2405
7727
-8104
-3222
-9556
2896
-82
9115
6386
8631
-7564
-8403
-3344
5484
-3256
-5864
4495
-2273
-8493
2586
1916
-8420
4291
2877
-3521
-3124
-8636
-7748
-6818
-1987
-4954
2151
-1451
-2496
-3330
1028
3367
-9258
8853
9296
1313
5468
-9202
5874
9612
6737
-7903
-1336
-755
7096
-2058
7607
7114
5171
8964
4316
6485
-4101
2801
2627
774
-1941
-7958
-4644
4425
9082
214
1812
9466
-7554
69
7205
-1062
-1740
5481
4987
-8675
-3499
6245
2871
-8842
8649
-7126
-9599
6019
-2844
4140
-7485
2199
-5379
-3951
-5991
-9211
-6341
5073
-958
-4434
8859
-2793
9031
-6514
719
-5491
-4348
3281
-3499
5264
9414
2482
7140
-8405
3059
5012
7389
-2966
-9291
-4524
7133
-6550
-9664
7229
1627
-8048
-516
5910
2936
9681
2945
1719
9519
-4421
-319
-3205
-5816
-9736
5012
1363
-698
7351
5813
3369
8420
5297
1871
-8027
-2887
4250
906
-8444
6746
-3437
-4410
-9793
3676
9803
-4381
1070
-6133
1309
3421
5503
-1808
7307
-6526
8961
-7367
-5830
-4600
7492
9435
2068
-989
1592
6921
130
-6356
2518
2334
1284
-1293
9667
-5760
9023
1853
-6385
-4046
-5850
-6899
7569
-9537
-936
-7216
-6623
4842
-8147
7950
8056
8028
-2096
-7667
1429
1806
69
3825
-207
7386
346
-3531
-4862
2670
-7032
4814
-4368
3679
-210
-2300
8905
2693
-7278
8931
680
9662
-6644
-400
-1907
7101
6968
-5319
-7896
6788
-68
4132
-3376
8975
3585
7188
-5125
2874
8248
-4800
5812
-8658
-1071
870
103
8245
4970
2189
3800
8455
4891
7551
4917
2369
-1995
1874
-8601
-92
-3504
-9979
-3473
-7498
-2444
-1017
3970
-1311
-2273
-2459
428
9265
5328
4121
-6629
8936
1498
9279
-6698
1184
268
-8939
1307
-4853
-8942
7261
-3143
2030
9478
-5234
-5213
4518
3718
5207
-8996
-5672
-50
5450
5057
-9506
3840
-4187
-2506
-8352
7698
-7094
4403
6790
-9542
-2021
7796
7835
-1820
-3650
8524
-5294
6300
-6611
-606
-3912
-5908
6879
-6466
-4036
-2468
9743
1978
8025
4567
2727
3327
-7385
4176
872
-7360
-519
-3112
-47
7273
-135
-5566
-5747
983
-2268
-7001
-6554
-1644
-7843
-4091
2004
6769
-9364
7147
-6704
-123
277
-1653
-7062
7201
-2247
-5613
7723
-4420
7976
844
6291
5986
6761
3084
6055
9293
-3648
-1090
3445
8085
-9651
-4949
-3363
7854
-3624
-5650
-6965
-4496
5210
4950
-6749
2957
908
-4057
-3646
73
-2802
-7705
2453
-6263
6932
-8882
2673
-3877
1952
-6235
5519
7349
-5546
6862
-4436
-9435
-1378
-6644
4314
4919
8656
-1614
2175
-8690
4771
-6708
1068
4478
3711
6831
-6983
-713
-6507
2841
3715
-9615
-1306
-2168
7471
-1565
6896
2394
8185
-4483
9134
-4713
3260
-948
-5770
9720
9114
-4222
-6497
2055
2905
6952
748
-5368
-7982
-9730
6240
-9996
-2204
-5745
8056
-3541
9830
-4573
6027
-8105
5345
4703
1368
5470
-1847
3483
-583
8502
6497
-1087
2454
-7746
5890
-5172
7447
6838
-2738
-9259
2980
9294
2633
-8488
-8726
-3525
2808
-906
5872
-5227
2799
8321
9457
5677
-6495
709
-800
-2887
2750
-3841
6404
-1666
1046
-7516
-9315
3827
1530
-2608
-173
1850
5167
-2305
-4091
3020
8785
2605
-6418
2300
4372
6700
3586
-8843
2073
-7302
-4037
-3276
8586
-1840
-8971
-9698
5853
1164
3829
4709
-8211
1241
7292
8323
376
-2576
-9377
7703
-9781
-2275
-6606
-3566
-3920
-9851
9343
-1506
1622
1342
4140
-5139
-7607
6574
5478
9386
-8735
5487
6703
8279
2448
-9216
-136
-8491
5432
5137
2542
-4021
-7322
-8596
1254
3217
-2613
-2444
-5151
1846
-4716
-4128
5158
3756
-7668
4012
-3321
-7152
2049
-5273
-9309
6716
-4073
-6742
-870
-8390
-1244
3419
7084
-4216
-3409
-9798
-1890
-672
5962
-8785
-8583
1578
4096
-6011
-7286
3561
-3973
-9651
-9919
-9691
-6784
-5414
-2049
4949
1827
671
-9626
39
-9509
-5615
2390
-6297
8822
-5668
-9360
9202
6295
868
4920
-1306
3733
8563
-9204
580
-438
6139
-7491
6226
2238
-4643
-9654
-1453
9167
7660
-7875
-1568
1642
-9428
4295
7828
-2858
-7866
-5264
-4489
-6081
-1047
3880
-3786
-6705
-4707
-4336
4453
-3995
9092
-6495
-4783
-1297
2521
-1146
2187
799
-6379
904
6042
-2822
-6929
8177
-2749
-772
-6963
5733
9389
-7732
-5504
2790
4925
530
-2700
3871
2501
-7673
-2138
9254
9995
-8009
-1565
-6522
4244
-332
9654
311
1680
-4840
-1975
-3111
4853
1248
3033
8284
8784
-9168
-2534
-4984
-1582
-2235
-6047
-2110
6706
-4317
-8431
9294
-2669
7936
818
7196
-6704
-8899
6818
3548
-5932
-7751
703
264
-190
-8901
4150
-2095
-3840
8413
-5535
-5838
-4728
-9362
7611
8383
1604
-4497
-1314
-6833
4972
3211
4035
5226
8408
-9651
4220
-4556
-4003
-1072
6483
-5844
2708
5835
-8730
-5495
-9254
8174
-5642
6971
-1043
-7890
944
8908
7283
102
-406
2304
-6420
7532
-9718
-9626
-1646
5189
463
-7544
9211
-9586
8613
5369
-1321
-6611
8299
3035
1298
3536
6335
6976
-3076
6489
6594
8248
-4005
-5666
-7187
9277
6382
-2199
7165
-8657
9598
8185
7240
-309
90
2824
-9128
3773
1396
8755
3009
-9680
-8020
3909
-2321
1878
-5850
-7797
2214
7402
-8418
6430
-7820
2163
3948
-704
-9500
-6298
-4299
7202
5306
5737
-8769
3360
5627
-5090
2446
-5505
-6475
2225
1152
6446
-6800
410
5278
1663
-7353
-62
4855
-3119
-226
-9712
-3907
9760
5844
2618
7284
9297
-5515
4552
4503
-7145
5488
3847
-7152
-7067
-67
-3885
7456
6933
-8926
-5248
-8361
-4728
7659
-1521
-3349
9451
5908
1539
7462
-2308
6696
-6520
1056
-3188
603
8510
4580
8844
-63
3252
-4067
-7096
-5078
-9350
-3691
5157
6286
1527
9983
-8808
7924
9744
9994
-8860
-2512
725
7556
5034
-9750
9100
-5489
-3153
8772
-3473
7113
-2514
-6142
-1865
-7917
-7241
7876
9181
1609
-1662
6241
3362
-8012
8659
1412
-364
9222
-8848
1996
-2997
-9487
7981
725
8869
-8709
7600
-7845
7559
2795
2995
-9238
-5348
-4247
898
9747
6781
-2004
1383
-9380
-2204
2986
-3057
-5804
7060
840
-1154
949
1568
1932
9075
-5775
-4738
6213
-1581
-4990
-7591
7759
-5709
3446
-8944
7105
-7059
-1005
-1653
9256
9009
-4238
7461
-9352
6147
1952
4133
-9424
8798
-3315
8864
7337
1233
3241
-5108
-1421
4348
1857
6986
8116
8923
7603
-4240
-7864
-1874
9246
-5436
-6340
-3130
-9624
-1893
-1451
-2076
-6171
3286
-8113
-468
-3484
3122
97
-5082
-1759
9897
8884
-6278
-8681
5568
-8954
679
1328
5876
6370
-8031
-6434
165
548
835
7663
8730
-7813
-8010
6634
4097
9663
-400
4801
458
3808
6119
8250
8472
8909
-5276
1367
-5020
-8115
-8882
8402
5065
-874
4799
2506
-4553
1483
-5734
-1961
2
-2285
4503
-8125
-975
-7486
-5973
-2718
-4562
-7997
8491
6155
9147
-4838
-7097
-7822
8983
5405
486
6388
-7496
-9567
-4350
-9243
5350
-4022
1172
7169
1936
-7321
-2417
-3786
-3814
6800
-4386
-7754
-4395
7513
-7739
-3166
-6789
2341
-6718
44
-1988
8157
6937
1840
6574
8298
-256
2753
-6313
-4156
437
-3664
-6604
-1302
-8376
-2459
-1093
5330
7557
438
3071
3762
-3077
-3282
8724
1626
5009
7668
-5153
4398
5329
636
-4719
1839
9499
-8340
-1082
-3591
9627
-1726
-6275
1930
2643
-6328
-6210
522
3170
1664
6229
1749
7539
5137
-3181
-814
-293
-9187
8157
-8815
5147
-9097
8574
-6443
5340
2557
-7000
-3233
3427
5382
-9879
-6547
-2158
4192
-3060
6268
-409
-8643
1643
633
-1571
-6192
2932
8781
-9736
-7821
8427
6221
3604
-2942
-4644
4580
-4560
-2582
-7728
6663
-8380
-8151
-4749
9382
6277
-9636
-8920
-4046
-748
8394
2252
-2297
2768
183
2131
-1541
1627
3212
2380
-1469
-8659
9053
2802
8646
757
1855
7979
-706
9531
6803
9168
7138
-6708
-1778
-3271
-2217
-5108
-3760
3399
-8818
9932
2919
1809
-3325
-6775
4039
-2315
-3788
-7109
6436
8075
-7443
-4123
238
-3096
5031
-9379
-870
1825
-5702
-856
1049
-4574
-9488
7125
7190
6798
-1997
210
-4202
-9769
4887
-6806
-1974
-2940
-739
6404
-5939
1594
-713
5833
-6511
6617
-9611
-2338
8234
7915
1942
-4662
-8646
4977
3866
-3453
-7518
-6257
-4483
-1957
-887
1417
-4506
-5434
3947
-384
-1247
7160
8545
6901
-901
-6858
9555
7504
3345
3753
-4883
1336
-1051
3592
-6035
-1379
-6728
267
1827
1094
-1322
9207
-6026
1942
9874
-4257
9185
-2648
-2756
5884
3084
-7006
-5230
5816
-281
94
-5124
-5291
-5216
825
-1890
-4702
1898
1624
8500
-4691
2225
-354
7594
3898
6533
3393
-681
6437
-5783
8626
-1963
-5215
-1483
2876
9156
6823
-4106
3212
6077
-6691
5818
2280
-5548
-9049
-1702
-9551
9491
6985
-5756
-1206
-3801
-1563
9091
7599
2088
3049
4789
-5758
-250
-8269
-9719
8292
65
7257
-8313
-7652
140
3662
4962
-8661
-2353
-1176
-9484
701
863
6309
-6270
-7039
9267
8294
-9063
8817
-2517
-1528
8555
-6086
1791
5627
9210
-8918
-3965
-4206
-1403
1387
4358
-9786
-7323
-6945
6891
-5644
9153
1979
-6297
8591
-5097
8236
1165
342
-5325
2570
1405
-7600
6091
3720
2852
8679
3046
-6668
-4984
-6301
6759
-9564
642
-7946
-3072
-8224
5336
9205
-8607
2993
862
-3931
-2198
-7141
4853
-2578
7161
-8740
-7748
-2743
-8113
-7686
258
-1951
4040
-7968
-4308
-731
5548
-3091
6978
5877
1203
8263
2172
6382
-7067
-7027
-684
8263
-9690
9822
-7848
-7929
1645
-326
4930
-1487
-2815
4523
5610
-7152
2328
-9452
-7263
5791
-1203
-3711
-1073
-2597
-8565
-2014
-7124
-3280
2374
3533
-1276
-699
-3159
-6445
-1976
1082
6548
-2802
-9319
6270
1906
6128
-4281
5213
2898
9954
6986
-5214
-3508
-2495
301
-6900
-6776
-804
2169
5797
4349
4070
5923
3917
-141
-4046
-7560
-3757
-2784
1018
6466
-8288
3801
-9836
-525
289
-8154
-7536
-4682
9562
5614
5894
5982
-8059
2022
-612
7414
6818
-4710
7195
-1267
766
8741
2164
-4981
-5675
-1513
-9076
-8209
-3966
4010
-4250
102
2008
5214
100
6150
-2374
4859
897
1523
4945
-9183
1983
2638
-4212
-7422
101
2446
9058
-9958
-466
-6664
-6561
-7217
7261
-5035
-8846
3224
9206
-1870
-7182
-7072
5028
-2276
-1490
-1347
-2999
3582
-4378
8335
5312
3076
-8097
-9319
-494
669
-3866
8656
-951
-9670
-9483
170
2738
629
7766
6367
-4511
-7610
-8899
8906
9701
5920
-9287
3903
7947
-9056
-4783
1121
-1426
-9890
-9775
-6985
2462
568
-7724
5180
-1131
-6274
-222
9868
841
-4932
-3780
-9475
5509
-4229
-3474
-684
-4077
-3167
-9778
9552
4775
-4881
-8573
-6089
-1885
-3534
-2068
-7173
-5146
327
-4733
-478
-612
2029
6405
3807
6487
-2260
2441
-1624
-8508
-1268
-1206
-5491
-6977
-8414
2077
6912
3289
-1437
3014
-9547
5433
8962
-4036
7248
5466
-9347
-4714
118
-8272
-6786
-2962
5293
-9719
-8926
4936
1601
2468
1637
-9780
1147
9640
9173
9147
5034
-251
-7219
-337
8965
-9049
3413
4778
-2989
1342
-1669
406
-3542
5540
319
7402
4984
9293
-6350
1486
-5220
-8499
37
8606
9924
-5561
209
-8897
-9315
-2870
-1469
-2540
-7278
2961
-3042
2651
-216
9809
4938
1640
-6848
7977
6837
-9688
9473
5027
-1287
-6906
2545
-786
5739
-6311
-1486
9400
-5697
-457
1855
-4698
9090
570
-9518
-5028
-5855
-6557
3915
696
-575
-2226
6325
1042
6610
-6438
-8123
233
9953
2106
-3276
2931
-7915
3307
-6326
-8956
-9506
1019
7395
2177
9348
-1151
-723
-7873
-66
-4248
9906
5987
-2029
-8411
-1671
-2063
-5234
2620
-1470
1452
3175
-7753
-5594
-7194
702
-4630
936
-4612
-4495
-5241
-2147
-4702
137
9936
-3462
168
-446
4158
-9162
-7430
7383
-3363
-7004
-6021
-468
6122
-4235
-8342
937
4350
-7340
7273
-2252
1074
1341
-3937
-2851
-4035
481
7662
-5506
7963
-5960
-4022
4509
-4581
7585
4227
-1628
5094
-6543
4782
-7983
8523
-1377
3702
8290
-8257
-4945
6991
3663
7109
2176
8161
-3132
3272
-1328
7864
-5848
-9044
-8559
-9765
-2972
8769
-2795
-8401
8932
-5135
-7122
1509
-1046
-7873
-9022
-1533
4677
-8813
-8190
3402
61
4835
-79
1402
-2079
-7833
-6599
3568
-7385
-105
-4541
6061
4062
6362
4090
8491
8722
4889
-2102
-5934
3801
2562
-2231
-8698
9151
-3459
4064
-4061
-6201
-7483
3230
-2615
6061
5527
4524
4508
4668
5847
5446
144
3769
6601
9262
2851
-4334
-2602
3888
1541
-1880
-6129
4808
-1014
8932
-3171
1704
7355
1720
-2173
4881
6986
7224
4052
-1196
8844
-461
-7688
4347
-6716
6400
-3851
-709
-8936
5987
2480
1328
210
-7485
-1923
-9620
2880
-2923
9160
7629
7370
3271
1411
-1039
9600
641
6242
-4609
1991
800
-4481
4545
-2084
-3946
1544
214
-2706
-2799
-4211
3599
1636
4367
-3385
-3198
-9755
-5370
8841
-3893
-5096
-1405
2585
-7975
2521
5442
-8785
2519
8364
-6710
644
1011
5079
-9098
3224
3432
6315
4081
-5757
179
-3834
715
-1956
-3363
9411
8994
-3622
-8584
-8068
-4770
4202
8630
-7483
3308
3841
3789
-2429
5671
8113
313
6828
8040
-8963
-4584
-4946
5587
8805
-3980
-4396
-4323
-1074
3849
3190
3274
9516
5356
3534
2232
-4119
4051
7743
5462
-5661
264
6333
-5863
7341
4983
6807
-6220
147
-8521
-8262
6997
-3879
2362
3646
-2959
4712
9441
1039
-935
4253
-8804
-4949
7385
-4788
9810
8555
5548
5365
2563
-8732
7270
-3776
4173
2405
-7173
-7250
-2744
-8425
2677
-8135
-280
-8418
2081
4676
-8856
8162
-2126
-9230
-1513
-1359
-1280
-8532
4514
-8962
-8728
9794
5781
7932
8248
5566
3169
1522
4536
9299
-4333
-2962
5222
1925
-7061
-8712
1464
1346
8600
-6583
-937
-693
-474
6416
-3009
-8330
-4635
-8143
-7818
-8779
-2433
-2331
-3926
3660
5249
-8288
-6013
8093
9865
3748
-3717
-3104
9814
1624
6821
7579
3602
2787
-298
-3694
-5494
-5245
-2432
5828
-7117
-3849
-5110
-7820
630
-2954
7608
-9164
-204
5462
9564
7452
-5660
-5265
121
-2106
-7185
4911
-1473
5269
-7466
-1995
9009
8662
-2069
9652
-1285
-9550
-7251
1038
1064
9442
-3558
-5578
8107
8338
8067
813
6097
-2659
-8667
-2607
-1258
1319
-5428
2678
5046
7541
-2537
-5637
5647
2919
-7352
-645
8587
-6475
5306
-5466
-1714
-337
-9299
-1188
-9953
6099
-616
-8412
2676
3457
6265
-2591
3164
-715
-1218
-3525
6142
-2946
6078
1358
5636
-53
2635
7073
7104
-5169
3167
4523
7562
1297
3526
-1359
-7715
8131
-8610
2538
4311
8196
9515
-1253
-2435
3906
5123
-9909
-2796
6057
4520
-2567
-7158
-9213
5611
-4577
-4604
-6307
-1655
-5254
9208
237
-7304
5264
-2959
6976
-5796
7753
1037
731
-6753
-2430
-2994
-8829
-5685
-9616
6790
-71
1901
8093
-9996
-8388
-4973
2763
-7643
-3917
-4396
-695
-7527
1761
7909
-9161
2424
-493
-6182
-3731
-2350
-3629
3320
2433
8138
7142
-6906
3933
-8150
-1278
-6881
2536
4728
-349
-3937
1111
9734
2675
-3767
6778
-934
210
7797
-804
-6150
-4031
-1924
-2652
-892
131
-6054
1352
-9911
-4000
4555
-2740
1386
401
-5804
6017
772
-1377
-9885
-5084
-3340
7239
3052
-7506
-8705
4784
540
-7936
9364
-7284
1994
523
-9562
9236
-331
-9527
6359
109
9167
-268
2911
-6785
1120
-4288
-1888
-9286
3258
2639
6038
-7585
8386
-6316
-5699
-2235
6776
-3134
-3552
-900
-3820
5489
-9310
8529
9308
6363
-6860
7956
7573
6874
8008
-1996
-7090
7032
-4862
9124
8401
2290
5504
7013
5739
-3467
-5392
-6882
-9642
-265
-5691
2818
8079
-832
8902
3769
2853
-4090
2946
3348
-6984
1239
-4730
981
-916
-1399
2112
-3935
4463
2182
7810
3776
-1765
-7087
-9420
5471
-6259
8003
-267
-9175
2409
-1484
3172
-65
-9700
1537
8685
-7719
6951
-8178
-3281
-6717
4920
-2425
4316
-2749
5326
9529
7979
3994
9054
-6908
2748
-9218
4101
1744
-897
4362
-3357
-8566
-8309
5860
-277
-5843
-9203
-5541
-5875
-9368
-9845
2156
-3086
-319
7258
-8023
9366
6276
-3928
5121
-9761
-179
-8941
-1826
1922
524
-6406
-2011
9865
-7234
-8073
-838
-2867
837
4146
-6277
-3026
472
-7547
8559
-8012
-8383
-2184
-2137
-2636
1615
8899
2079
518
1666
-2434
9873
3025
-8438
847
9998
9744
9242
-8630
4127
-1931
-6004
9801
9293
-7639
6060
-3008
1903
-164
1784
-4814
1522
-5858
4398
-1981
-4712
1857
8177
-2393
2308
2951
2405
8311
-8957
-500
4156
-8845
-2860
-1404
-1113
231
6433
-6367
-650
-8001
5683
-1420
-1597
1522
-8445
-6032
-2639
-5222
-8999
8859
-7603
-9048
-4062
-2444
5475
-883
-3280
9494
4549
-5072
8562
-7573
3913
-2024
-6171
-3525
-237
6163
9293
-4247
-1177
1436
692
-1277
-6269
3160
-121
2423
9914
7273
-891
-9376
4196
-3860
-9368
3686
8221
7519
2802
-8246
-9655
-9391
-5872
-246
8807
6751
9530
7984
-1390
-4854
-6605
-7885
-9292
-4792
576
7113
-2384
8580
3615
9087
-8498
-3048
4717
-2313
-952
993
-2736
3256
-1263
3299
9632
-1760
4343
9863
-3694
-6641
-6114
2813
-235
1833
-1083
9525
3087
6751
4787
-8424
4636
592
3182
-705
4259
2592
-4064
9201
-7281
-7487
-4119
2893
7785
5520
-2254
-3157
-5074
-7500
5268
-7624
1532
-58
4994
7980
3461
5792
-3426
1367
-9714
-591
-8925
1933
-7864
6136
1970
-4216
-1199
-5329
5719
-6515
3010
6150
9657
5148
-2145
-1860
507
8041
-6659
-247
6630
7027
3704
-1752
-9188
-5158
-3364
567
-2650
-6002
2543
4258
4904
8820
8517
9315
4969
-7462
5981
-2750
-2783
3957
5928
6724
1656
-2407
2173
2902
1653
1434
-3541
-4962
2849
-6520
114
-8929
8482
5139
-3758
5812
-6403
-6243
3276
5542
-9620
232
150
7267
-9226
-5173
387
-8968
-7624
4660
7185
-7178
-7168
-3568
-7007
5094
-7730
6680
5287
2928
5472
9478
2889
183
2401
2690
6256
-1703
7738
5519
5420
9843
-8961
3241
-7574
6539
5466
4014
828
3588
2101
-3259
4173
2187
-8796
-2563
-9654
525
-8787
-526
3173
-4308
8042
4095
7759
3406
-4250
-2559
2077
-6277
8172
7643
5550
7533
-95
-7335
9390
-9613
-2975
991
2
-7748
6582
3189
5184
8103
-6588
2282
-3234
-7874
-9240
-9387
7901
8293
-6417
-1705
-7421
8778
3140
-9447
-251
2253
9727
3729
5295
7146
2062
9589
1346
-6708
-4375
1343
-7024
-2964
-8007
-3917
-8429
3099
-1684
-8285
295
4145
-2833
8060
-5225
-8934
9488
6966
-1911
-1090
6637
504
7257
-7545
-2286
4212
6716
-2458
-9340
-1649
7992
-2855
8875
-3306
-4495
7481
6833
-8481
-7704
-3702
-5535
-4297
-2271
-9021
1740
5100
-8286
8645
3371
-4109
5940
8683
-7561
-3639
-2809
-11
-4616
-9827
-4209
-174
6253
-6671
-4199
4583
1453
7947
8206
-4398
5027
-5224
-7796
-1532
1284
-117
-887
7095
1026
4432
9047
-8823
-4166
6990
1817
-6376
-8216
4770
-3016
8500
-5570
-9407
-3836
-7601
-8130
-4380
5312
5640
-345
8552
-5800
311
4230
-61
-4400
4060
-2991
2330
-1520
6729
328
-512
-7220
6871
5558
9481
3336
7987
9623
1773
7132
-6011
1377
2332
2511
7131
-9630
-5521
-903
5017
-3873
8513
2452
-2833
5216
2451
4026
-2835
9841
-8130
-1378
-1809
5989
5928
9151
609
-1433
-4806
-2701
-8934
-3326
2772
-4027
-8074
-8131
4055
-1086
-9965
873
-4889
-5097
-2572
8785
-3845
-5399
-8167
549
-2791
9660
-6285
-235
6691
-3842
6810
-4218
-3241
1579
-5687
-5710
-6788
972
-7182
-1160
-6604
-9160
-5201
-7748
3535
-5285
-3171
-5334
-1095
-3538
-3998
3855
-9237
-1312
4400
674
6868
363
4153
-9329
-952
-7799
830
6599
-5964
-1902
-6084
4354
-8551
-7755
2039
8133
3430
7302
3047
-1739
-9168
4271
6498
-5619
-6660
8294
-4051
4143
-1840
-2225
-6703
3728
9450
-4636
7134
6257
6834
-6486
8495
3220
5352
6935
4388
428
-6627
1732
7200
6280
7774
-1695
576
2168
-152
6825
-6860
-8810
8918
6082
7711
-9246
8003
2328
-8118
-6384
113
617
-6273
-5669
2542
-8719
8388
-8676
-2703
-1407
-8505
-491
8135
6184
-2962
5118
996
3075
6166
-3001
-624
1758
7024
7135
-770
-7962
8329
-6203
2217
-5280
-7553
-71
4518
-9404
1384
9396
3772
-1198
8475
-6961
-2895
-8573
-2214
6395
1740
3192
5462
325
5786
-5138
-2143
-6585
-1777
1152
-4145
6617
-2150
-7607
9820
-2025
-1055
2543
-7961
-1597
-2159
-7063
7843
3979
4209
2377
-3644
-5587
-6078
-8057
-4119
-8813
2618
-9439
2757
-3555
-5830
-6640
-2381
7283
3735
-9049
4205
-9943
-2594
-6885
6987
687
-3708
-3968
5399
429
6897
9678
7231
-7569
-1944
4791
-7150
763
3030
-9088
5929
3185
-8259
-9861
-7897
4305
-5985
3183
-2794
-8717
-4292
7547
2298
-4499
2092
8341
5689
-8797
-4332
-8338
7223
7155
21
4120
-83
-8194
4392
2413
-6470
-3693
4626
-7417
4590
-6735
-9534
-5544
5428
458
2945
7902
-8347
9229
9989
-999
-6345
1155
-536
4156
-7436
-8225
9474
1129
2300
3905
-8798
9243
806
4496
4794
6619
6483
471
8569
-6773
6116
-9149
3807
-7826
-7054
-8645
-8749
-2466
-5878
5421
1935
-3955
4816
-5204
-6369
4112
2461
-3424
-1022
-1463
-793
-7638
6796
1329
-7331
-8073
-4797
5148
3496
3658
-5546
-6856
-6884
-7183
1230
-1901
7701
6101
-5489
2136
8123
2761
-418
-2231
-1453
-7364
1333
9514
-3581
-5152
4693
-3996
3998
-810
-7786
8012
5089
-8725
3188
-9433
8695
1101
-8926
-4306
2558
-9019
-5851
-1609
-2386
-1230
-5513
-6903
8475
10000
-5486
5130
-7215
-5532
5184
-3174
8746
9253
3389
-1175
-7641
4790
491
3862
6724
4097
-7442
5792
144
-3967
2671
9845
-394
-7289
8435
-6220
4514
5821
2212
-7074
785
-2852
1509
7317
-9889
5527
1638
-4308
1254
-1582
-6065
-8853
8589
-1069
7031
-595
-8121
-1050
8322
-9682
-2283
-2065
1680
3365
-3011
6721
-1909
-5991
9680
-2218
9491
-9673
7602
8545
9458
1290
5052
1938
8738
9021
-5615
1573
-1783
2770
-5597
3770
-8475
-7717
-7162
6366
-1744
-7655
-3492
-230
-49
9696
8406
5474
-6100
-2909
-5257
6118
-3015
8485
-651
2026
-5776
9193
4260
-848
-7807
-6826
-88
-6265
-9454
1639
-6733
2939
-2761
-3037
9267
-7857
-2950
-8730
-493
-7184
-1278
-9
-4438
9810
-7427
9994
7622
588
-327
-1260
5262
2042
-8620
-57
784
46
3325
-3491
4237
6950
3070
-5528
-8991
-1980
-7476
7808
5224
-4467
2677
-7522
-8041
5822
-9410
-7034
-8298
1967
-6859
-700
9421
-4892
-8791
-7648
1126
1698
-2661
2167
7666
-2385
4990
-4617
7041
3331
-2208
-4022
-4503
4161
-3535
-6348
-3385
-666
4482
3788
-3122
-2373
3408
9760
5437
-8418
-2282
1292
3703
-9297
-6176
-4816
2417
246
-6452
3751
-1529
-9150
7693
-7448
3931
5058
-7990
-2937
-5837
-2587
1443
-5799
505
6876
-8061
4094
-8487
1267
8613
3831
-6315
-8580
1549
8898
7566
-4048
-9391
-7612
7531
9665
-2105
-1593
-2532
-7283
9999
9586
-4015
2656
2124
-5867
-8888
2803
9137
-4650
6786
-2815
6431
-7059
-4181
-5570
3088
-3199
5000
2483
7224
-8181
-829
410
6522
-4988
5597
1013
-9281
-1818
2335
5214
-3970
18
2071
1865
-5157
6559
1096
1929
-9592
-1242
-3787
-6627
-3597
-6397
-2941
-750
6071
-6571
-5444
9325
5159
6343
3019
6920
-9370
8640
-9162
-8630
2616
-8246
-8497
958
8084
5908
1149
7499
-1431
8556
4154
4736
7518
979
-3076
-8434
-9602
-2812
-5984
-7641
5909
-2961
1006
-2126
-2181
8689
8303
-2569
5050
-7498
3525
4898
-348
-7253
8637
5385
-4231
-2007
-9485
-9397
-3753
3167
-8947
632
5504
-1260
-9916
-67
-9234
9666
-5494
-6968
-2666
6919
8416
-9267
8238
7325
-8171
-7327
-7922
-6417
4298
5648
-6581
-5064
4711
6113
5686
10
-1591
2669
-4051
-2144
5350
9248
2170
-3429
-5968
-6973
6022
-1214
6589
4565
-7712
7704
-5685
9474
5800
-9882
-6536
-1152
3200
-9184
1538
5453
4319
5723
9682
-5294
-886
-7080
-8152
-5621
-7677
1225
-7984
-6113
7655
8756
3302
9500
-3653
-1068
-5948
-3651
-861
6805
6441
9376
-4999
7154
-3226
9001
6593
-6306
-5481
6714
2776
7845
-8604
1386
6940
-1657
-9072
-8916
2798
9732
1594
9401
9171
136
-3995
4394
-930
4009
1002
3696
-9827
3656
-108
6540
-3620
-13
-6182
-3760
135
-2904
-7031
6433
8012
5379
8231
1316
-7659
2999
-3907
7355
2435
6508
5652
6670
2234
2460
7017
-1736
6751
7112
-1312
3853
664
2513
7382
6664
4273
3533
-9612
-5425
-9897
9866
2635
-8967
-8542
8754
1425
4517
-9984
7771
-3660
5650
-8922
7070
8040
1706
-4826
-1743
9567
7719
3994
5044
3397
9393
7700
-9650
-4814
5367
-935
3359
4972
5934
-7190
7805
-1620
7259
3743
-926
5874
-2072
6174
-7351
-5854
9923
5129
8338
818
-6244
-2404
-5714
-6158
6695
6740
-3060
3338
-3049
-4296
7591
9694
6273
9039
-4234
-9808
-9261
-3414
6933
-1013
4859
-4669
256
869
-361
-7428
-7125
-9230
2563
-6381
-1156
2515
7880
-3718
-1791
7262
4653
751
4520
-8825
142
-1576
9793
2762
-1974
4069
6034
-9001
-9418
-8189
-3881
-8788
-3504
7865
8020
7893
-146
-7804
-2179
-9288
713
7252
-1208
1363
6528
-6459
-9444
772
9866
-9828
-5774
7683
2634
7322
3747
-3305
1096
-2618
-6976
8591
6265
-6054
8502
-3936
7882
-5494
-4523
3906
9734
7292
-3191
-7031
1012
-5654
9758
6781
6083
44
-642
5129
475
9538
1667
-2151
3935
9935
-2737
8097
-1405
6839
1498
-8643
453
1752
1720
6347
3264
-9878
3007
8554
9809
-4742
1285
9747
-4146
-7116
276
-8862
-8898
1688
-6080
-6379
-3096
-9941
-3601
7208
-3461
-9837
-794
926
-4183
-4378
4966
-6161
4324
1621
4470
-5309
-8370
-5791
-3065
1025
-3514
-9654
5454
-9450
-5698
-1163
-3889
-6689
-2251
8558
-946
-6846
-310
-3380
-5790
598
-8597
-781
876
5609
5962
233
4583
7850
-4946
7337
-9109
5680
4320
3423
9321
8315
25
-4345
4091
-7380
-391
8001
901
2299
-523
-7040
7413
-8918
4445
-7049
-6026
-2161
2988
9770
-1223
6387
3077
8028
-1977
3589
1165
5678
1623
5680
3179
-3568
-1257
4730
-5947
8186
577
-1643
6689
-4717
-9617
-309
8148
-4951
9728
981
-7056
-5155
-8876
-6157
-3245
8
2765
9972
3765
-881
3580
-6605
-6587
5875
-6269
9358
3191
9466
4708
-7138
-7478
2154
-188
-140
7523
7611
3824
1807
-7789
-6075
-3057
-2020
9247
-8996
1341
6521
1363
-9096
-9818
-7773
-7597
-7782
5926
4061
8255
-2331
-2803
1015
8711
-3684
-6120
-2880
-7222
-7058
6103
678
-2549
-4198
8932
4738
-7435
-9549
-7588
-2275
7566
8307
-8741
-8367
4949
-2019
-8671
-1219
-3547
-3823
-387
8510
6798
-39
761
-9290
4780
5507
5176
-3270
-5622
2016
122
-1922
-2365
-4160
-5818
8920
-6352
-8396
4064
-7323
6645
2320
-6296
-3715
-8888
-1867
-5230
-5470
5894
-6197
6069
3379
5292
6437
-8741
1762
-3198
6956
8960
1848
-8158
4843
-6120
9250
4804
205
2930
-978
4552
-5059
6265
9564
-7270
9575
-1352
8893
4915
5496
6275
-1761
9432
-2073
-5622
-1568
8087
9769
6851
4804
-9471
-1833
-6389
-6489
-8855
-1751
-9883
-53
145
8219
2849
-7160
-7543
-9678
3275
5061
7175
-7756
2082
-4407
2731
3702
5186
3
2348
-3060
5473
-9224
-9450
-4360
8190
-5179
5202
1287
5393
656
2769
-1340
-9034
-1119
-4154
2940
-6779
8513
-2966
5156
-2430
-4125
433
-2367
566
2570
9138
6485
-1352
-6919
-4042
-3843
-9219
-9960
1513
8463
-9027
-280
2448
-1757
-8586
7675
8276
-466
1926
-6402
6766
-8362
-3519
5659
-6960
-2177
-8802
5381
9950
-2475
6905
-6711
2002
895
9961
-2164
-9394
9870
-3158
7486
808
5911
-7226
-3943
-6007
7547
-4613
7189
3574
-7830
-3912
8176
2759
1008
-2761
1201
9505
-4413
6128
5094
-9322
-568
5947
-4989
2302
9989
2694
-7814
-3175
1035
3119
-1011
8704
9669
-6360
-470
4014
2614
609
1598
5393
4017
5038
-8406
6246
-587
-6213
4094
-8433
2912
-3809
3186
9282
-979
-2652
1490
2395
6016
-9341
1174
7475
-2243
271
2895
9867
1108
-3959
-2658
8244
-314
-5865
6531
4026
4942
3639
3314
-8725
-575
-6674
-3843
8335
-8856
-9122
-3927
-8293
-8323
3992
-3154
-1672
-1145
-4172
1247
-7078
-2944
-2615
-1004
2512
-2389
1594
-5090
2471
-3869
4243
-2630
-6706
-8966
-6571
-4402
8043
-2637
4750
4528
-2702
2265
5440
-5419
-2502
-4969
-1026
-2517
-1163
-4017
-5060
-4067
-143
55
5164
6556
-242
5625
-1254
167
-2421
-1398
-4129
-3330
2794
9457
4397
580
-5696
9485
4382
-7650
-9711
5303
-6020
4925
-7827
8396
-8255
8325
5811
6876
-605
1061
-6224
5322
-7
-7137
3406
6221
123
-7713
4471
-4281
-2923
175
6968
396
7887
-2006
1241
7395
-2908
8335
-3688
5934
-8907
-1851
6851
-2946
3392
-2817
-2973
717
8301
-7968
-5784
9750
2734
-5822
-8468
-6815
8226
5536
4696
2536
-8967
6001
-5752
4443
665
-7396
4448
-8586
8174
-8118
-6973
-9117
-6208
-8866
6554
-4336
-1554
8680
518
-224
1173
2617
9886
-1524
5665
-6930
-3184
-8074
2037
2523
-4361
-6863
-5715
9431
-4907
8986
-715
5655
1436
-842
8412
5472
-9702
2518
3507
1315
6789
-4485
8004
-5910
-2927
-5184
180
8950
5839
-366
1004
433
-989
-1428
-8182
4976
4237
-8246
1213
-4165
3145
-682
-3978
-9236
-6480
1785
3334
-5017
8440
9771
785
-1685
8831
1822
2326
-4662
4469
4591
6835
5
-1535
9274
-1428
-5842
8002
-4072
-8570
4064
-4809
-9431
-3375
-5870
419
447
-7832
6517
2486
-7750
8795
8106
-1402
1299
-4968
-5344
7903
-811
-9992
5738
7326
-4602
242
7433
7759
-6317
-3180
8147
2191
1689
822
-8852
-5444
9276
9259
5169
-3450
-7619
-111
-1937
-6421
-5890
5028
8689
3491
2781
-8754
-3003
-1869
-1177
-151
-6803
2558
-4523
8796
-6397
-3870
-4046
-1207
28
1985
1734
-3275
9530
3212
-3830
2454
3383
-4640
4668
713
4532
8091
-4529
-731
-9161
955
1709
2630
-354
8147
-3921
4203
4157
5100
2306
-895
-6759
-5260
2721
-608
3557
5093
3611
-3802
-5823
1956
-2307
-6236
1091
5645
-7659
665
9410
-2251
-8728
-5161
-1590
6238
6432
-7906
-4791
2682
-702
-2786
-3477
4860
-6783
-1599
-2541
8040
-1615
3286
-2442
-2248
-4596
3099
1221
3746
319
3941
5876
817
8263
-5161
-1954
970
9263
-1212
866
-1911
-2916
-6333
-8496
-8674
-7086
6450
9382
7143
6524
-2707
-7825
-7566
9872
5193
-7303
807
1036
-1905
-4323
-358
679
4101
-6142
7752
29
3052
1040
8985
4381
-9049
5837
-2817
2492
-9072
4430
-3167
-2316
8030
-5779
-4996
-6653
5871
-1664
8556
-9424
7942
4033
-2011
3313
-2913
-6190
-2286
-4429
-6887
-5420
9256
1721
7740
3734
-5895
3728
9107
3187
-5959
6420
6717
-139
960
-9434
924
1951
-8799
-9977
2795
3608
-6078
-880
-5667
8841
8665
-8180
-1369
-4931
4195
8092
140
4309
-6028
-3379
881
-6237
-6439
-3154
-6916
-952
-9163
9104
-9466
-9201
9969
-1151
3886
-3447
-2588
-5921
2660
3317
7548
1574
-7214
-7583
3129
-3313
8231
-3791
3148
-548
9215
-8079
-732
9454
-7860
-1977
-8356
3854
2434
-721
-9506
-2386
1304
1930
-7575
-2336
-1048
4244
957
5788
9444
-566
-5711
-6491
8855
-4431
1936
-1128
-5632
3425
-9337
-4174
5589
-9076
7119
-2246
829
2959
-4678
7032
9190
8705
5471
6838
-4428
-301
-2511
7538
1727
7189
-9095
1930
-6714
-1951
6938
-1207
-598
-6203
8056
84
-3009
-6775
6077
-802
-467
-3211
-2400
6428
521
5514
8801
9968
4248
-7160
1895
6519
-3150
-46
-8704
2584
-4737
-6391
6633
-3898
-9215
-2150
8759
-9021
62
928
-6915
2600
5832
-8612
26
6582
4896
-3734
2619
-4799
8340
-4905
-1351
8309
3360
4660
-7210
963
1569
2597
8836
9414
-5767
9174
-3682
-1997
-2942
-6840
-6644
4094
-8927
6910
-9000
5591
5943
-7094
-6717
-6606
2429
9681
-3684
2947
3243
-3335
2338
-4451
-7963
-6907
-9693
-449
156
3704
-855
-9484
-8463
9280
6195
-2996
-6974
-3763
8367
4301
-7655
9589
-1021
7043
-7602
2154
-2400
8901
-6635
6046
4951
1073
-6063
7641
-1970
-4372
-3648
5308
-9789
-5371
5909
-9444
906
-4293
-7962
2963
2383
854
-1643
527
-2431
7708
671
412
6221
-1150
-6748
-3932
6918
2
-7337
7048
-1184
-2365
7846
-591
6877
6524
7784
-8724
7718
6108
821
-8091
-855
-8528
8512
-3989
-9782
4983
-7128
-9057
3796
32
3262
-8150
655
-7570
6777
-3949
9329
-5314
7420
-2423
-7933
-6749
5309
-227
-4533
-6088
2423
-6531
-6213
9004
-6838
8017
8161
-2657
5912
7671
-4457
-7238
1854
2883
-5381
-3725
9300
-7004
5394
2095
-5286
-4093
-533
5796
-1876
-5084
-2077
4335
3595
-9439
-3985
1377
769
-6907
9658
-5073
-8312
-1345
-7418
237
6930
1178
-1608
4085
3733
4984
1837
-3716
9856
-9621
1554
9814
-7724
732
6530
950
-8417
-5256
-9209
-7382
1172
-8944
-9920
3962
6825
8692
8373
-9940
8951
-5146
-1122
2900
5612
5140
-9574
283
-4945
9251
-3863
-6371
-555
7722
-3270
-7990
3847
4305
8622
8138
-8234
-6638
-79
6151
8818
-9041
178
6248
-7885
-6180
-8616
4937
-9228
6643
5517
-4416
-4248
6263
6417
-1166
-3959
444
1043
-2933
2974
-363
9989
5646
1715
6151
-7583
1379
4171
-3989
-5959
5300
-455
-8538
1623
-3186
-253
734
-9695
5326
-4952
7959
7861
9064
6581
-9160
2269
-5043
-9357
-5777
-8397
-1581
4898
3999
-671
3361
8732
-1323
-9204
-515
-8866
-2503
-1107
5114
8149
-5812
5278
4021
-5013
7487
6383
3866
-6979
2266
-1932
-9771
-4308
1952
-2107
-8043
412
-4794
6139
-9451
-9281
-2575
4525
-2261
-7970
-3311
-7268
-9305
3629
-4590
8459
-1959
-2472
-9671
-9891
-4406
9516
-1456
-2269
8024
3380
2207
1495
-2951
-1697
-3900
5166
-1906
-8472
-8573
-800
5321
-101
-1119
3365
-953
-5915
-791
5693
7204
1353
468
-3982
-7876
5962
7160
7505
4948
6647
-5938
7786
-7024
139
-8160
3229
583
-4205
-5644
-7719
7610
-6520
-103
-313
5323
137
-6470
-5710
-9236
-480
-5171
-5371
-2955
7512
5241
1988
7134
-8267
-1850
-6031
3672
8525
-3797
-9457
-5066
4738
3102
-9830
8914
-2917
4143
4493
-3654
7964
3776
7056
-4527
-7573
-927
1391
-9057
-4195
-5711
-7488
-6115
4843
1019
6749
981
6359
9893
-1561
8740
-7259
-2813
-1417
6165
3712
-8967
9186
6622
-4864
-3669
6681
-8394
7750
-6291
7869
-702
-3576
-7048
-5201
5783
4984
1116
9051
8949
-8210
-9234
-6317
924
3203
-7118
-7358
1097
-8432
3102
-5082
-8627
-8895
-3093
-5150
-5243
6344
4255
1733
1340
-3791
6407
-3710
3930
-6061
-9920
-5107
3845
-9602
-3414
9408
887
1020
5605
5130
-7501
-6353
-4027
5690
-2847
-9731
-9554
-6269
-5929
9912
-2705
1153
7409
-976
6130
6031
9292
-9931
2650
2225
-3846
-6284
-6342
-4101
7700
1179
5164
-3389
-8530
3947
-2335
5649
-1233
1684
7615
5526
-5092
8385
-4215
1323
6010
9710
3151
-8297
-5102
-901
-2853
-6643
8917
1416
-3366
383
-4515
14
1859
3459
4436
-6175
-8163
9746
-9311
4782
8136
-640
-225
2986
9330
-3989
-1180
-365
6905
1688
-5706
669
-9323
7589
82
-3307
-8780
-2660
-4429
-2156
7047
-9847
-8574
-2783
-656
-4748
-7003
6435
-719
9444
1190
3148
7493
650
-247
6884
2052
9090
4342
327
6809
8750
-3745
6115
-4334
4524
-6865
9314
-6705
-7123
6895
-9330
6612
-3087
5144
-8241
-1648
-2585
-2445
-2547
-114
7694
2195
9884
3949
-2912
-7049
-2556
-8302
6173
6028
-9646
-1342
-6857
-6070
-7179
-8617
2976
-3208
-3600
7649
6422
8772
-6820
7998
616
-9265
-1562
5146
-6920
6063
1153
2129
-8463
-9855
7107
6890
569
1401
-7900
7942
5716
-2435
-3923
-9272
-8926
-3645
-4714
-9534
-7359
8615
-59
-2035
-5138
1296
4014
2040
2581
-9956
2572
-9125
5122
6960
9795
-7396
1835
4924
-7891
-3635
-5493
-7430
-4277
901
-2606
-1720
2763
3442
-7046
4296
4573
-7359
-3151
9090
-2868
-7547
6290
-6715
-6884
9667
2910
-3026
-7787
-803
-8459
4332
111
2638
4733
490
5838
-4684
-1343
7941
-9957
-3782
2135
2057
-9389
9146
-7516
1191
-7844
9788
-2954
2744
6708
7775
-4715
-4531
3728
6264
-6678
667
8327
6397
429
-8097
-4298
4990
-9710
-2983
416
-4738
-6539
3287
1317
-3443
8136
8147
4676
-9263
355
7541
-2212
4262
7569
-4866
-4526
6371
4594
7600
-7423
25
-6223
9872
4287
-8606
7698
8979
2818
-2860
-3555
-95
676
-2912
-1901
-2028
-8541
6563
-6628
-317
-2436
7952
1876
-6615
-2668
234
-2879
8650
5400
1113
-2956
9716
1691
6184
-6136
-1039
7055
5209
-5841
-8982
-8982
-5694
6181
560
4505
6294
441
-9557
3655
-767
-2711
4496
-4422
4327
-6722
-9340
5112
-3999
8271
175
-3710
4275
-353
3230
-5474
-8400
606
-1077
4911
3190
2082
5281
-5163
-4930
8377
7072
1836
6229
-2456
-8466
5959
-3598
-7029
6341
8060
4634
8354
-7374
3662
3921
-8175
-5799
-4211
-3887
1001
4277
8187
-3925
-3249
593
-9660
-7171
3433
-6108
-3778
-5025
6066
-2577
-1876
2887
180
-2898
-3092
5248
-8138
-5713
8935
-7809
5613
2495
-408
8028
8539
-2649
5234
-4501
6096
-5087
3298
-7639
-1336
-9841
-1461
-8932
-1259
8890
-499
2001
3581
3790
-6184
2285
-4955
-8926
943
-8844
1164
-8008
4394
-7006
-5603
766
-4967
1643
-1297
-8973
-5253
7583
-9890
-8353
5561
9034
6119
-828
2648
-6631
-8785
8064
1492
927
-5132
-6937
9238
3251
-2727
281
-6855
-7693
-7668
9209
-6570
-9079
-9113
4689
-5684
7387
-2539
6860
-8359
4749
1247
-3196
2097
964
-2531
4217
1401
6756
-9837
5876
9468
8096
9063
220
7431
3127
1407
8512
-8416
1532
-6081
-5245
-2317
-9457
329
-7356
-1204
-1609
-8698
-5355
6352
-6997
-9578
2165
-9698
5135
1778
4278
4652
2097
346
4952
-4805
-1463
-3920
5396
-282
-4545
-9096
5681
-5944
6008
-7636
8586
-2830
-7502
-7981
-2390
-661
2957
437
-5110
-4284
1772
8586
-8596
-2343
8985
-1896
4297
2294
-1171
4161
9557
5821
3589
8992
-3484
4173
34
-537
2450
-812
-1554
-4226
-672
6367
-6339
5374
4929
-8339
-653
-1004
6706
-7881
271
2798
-7430
2262
-9923
4089
-4533
-9889
2455
-3473
-950
5468
-1848
3537
3277
-9359
-5224
3717
-5586
-1705
-38
-7432
9173
-9640
-5929
-5639
9587
-558
-7950
9433
-3578
9645
9558
-7978
5769
-6770
4388
-122
7670
2643
-9611
4816
-5106
-8314
-8552
-8720
5183
4499
2412
-8207
-3172
-1148
4018
5827
-5652
6414
6389
4875
-2442
8791
-4581
2115
99
9732
-4414
-7125
-8496
4410
9073
-7966
-8316
-3526
4761
-9426
-9838
-4422
3684
4991
7645
-7171
9503
7304
7730
8848
4115
-3437
8177
-8233
9067
5299
-3092
-5427
5602
-6522
3345
262
-4997
2044
-2310
2927
-2708
8363
-8427
4415
7586
7059
3468
-9079
4657
-5034
-425
-4197
-620
7920
-3546
141
1735
-9789
4577
-1526
-9637
-6974
-8261
-9504
6300
4650
-2753
2421
5624
-6387
3522
-6483
-7817
8685
2773
6689
-7061
-2882
-950
2543
5061
-3734
-7634
-7537
-1451
3565
-7270
-9137
-4143
-1611
-7805
2808
-7069
-6182
-8283
6284
9711
1687
-141
-9284
-3731
6906
8649
-2972
-5293
5102
-4820
-1088
-4361
-2592
1950
8172
783
5455
3221
-4325
-725
-6398
2907
-4628
9553
6516
1952
-6868
2414
-3381
-8029
-5122
-3396
-9323
-3671
8584
8384
-9175
-7340
-6298
5897
-6217
-4267
-9792
2366
-3759
-8111
-7611
-3894
2518
-7142
787
-2118
6522
8829
-7606
7058
-601
3233
-8337
9667
8532
3528
-1726
6124
3961
-8588
-982
1240
-816
-1854
9615
-2005
-4503
6065
-9165
211
-7178
-3176
7578
8760
4522
7497
8101
1046
-6075
-2773
1331
8881
6783
6435
-8424
-7654
-6383
-6835
-3607
7206
-9070
806
3322
9783
-6862
-2599
-4996
-2267
-5288
-5793
5547
3095
-6689
-7017
8605
3717
4304
1710
-1943
-4768
-6207
-3650
2547
-1039
-9364
7436
7502
-9101
4435
-9260
1907
1789
-9085
446
4763
784
4751
7033
-2412
7071
-8219
-6878
3992
8594
-4634
-1928
-7977
1708
5226
612
-44
5880
-4159
-7785
-1252
7423
1583
-6387
-8527
-4723
841
5116
4064
8692
6618
-2389
7136
-9388
8221
4011
-2950
-141
2566
-9432
-908
-6195
-1569
-1552
-5399
3399
-2849
-1874
5022
9578
-8965
5714
-3988
8203
4555
2681
-1450
-28
2990
5071
-8342
885
-2868
2207
-9706
-1390
-7816
-8243
-4746
-8818
7919
-8187
5510
9931
-2596
1967
-2217
1277
-7693
-654
7725
8827
5780
8221
8876
-5446
-9453
8093
5652
3739
5104
1514
1822
4773
957
5483
-9004
989
-4345
4559
2403
-3036
-4738
7714
6763
7849
3845
-2971
-2168
-6041
-1379
5954
-231
-5112
6681
-4876
-3918
-7336
-2639
-3761
4519
-2166
1112
2364
9192
4403
923
-7458
-267
-7219
3644
6463
4745
-8092
-1962
1112
-7993
9055
8081
2633
7046
7827
170
-4867
7497
234
8238
7566
425
-1518
2859
4912
-9203
-6460
-1342
-4218
-9449
9026
3333
8205
7603
-2336
-9076
8517
5766
-6781
-5069
9095
-3238
4110
4242
-2530
2367
-3783
-6062
-513
-4773
-5020
-2392
-5918
4244
3425
-2737
1835
-5093
3697
9030
-3340
-6637
-573
1338
-1890
-2695
8838
-111
-372
9893
-6627
-1025
-9759
-3401
6011
9612
4103
1663
5999
3699
383
-3735
408
-2376
395
-3350
-7486
4422
2113
1226
-4132
9135
-9375
-6584
-8360
-8018
305
3980
-180
6636
9791
6121
1712
-2462
-2660
122
-1872
2885
-6227
2994
-7295
2569
-5470
-2522
-4199
2086
-8442
-1341
7939
1538
-979
-7503
-9414
9440
4330
-6956
5494
-3492
-6524
-132
7182
1901
2008
3797
3962
-4702
-1516
-9111
-8589
-6231
784
4848
-529
-9703
8572
-543
-7759
-980
7807
-2324
-3151
5510
1668
-6254
-6493
9766
9984
-8398
802
9315
-5007
9576
-3055
7409
5943
-2920
-3919
7303
-8939
-8145
-5010
8825
5673
3402
7576
2131
3353
1005
7312
-877
1063
4620
9550
8241
-6056
3893
-3224
-9150
2523
-4366
-7666
7064
7475
4206
-3463
1769
844
3977
-2600
-4589
-7407
9256
9066
-7157
-5743
3106
8307
7395
-9188
1258
7913
-3128
8635
-5728
8365
3051
-3620
8005
779
9496
-3724
-4402
-671
-8411
-119
-8602
-9456
-2570
7026
4007
-3047
3988
-2146
-9590
3475
9271
-9510
-7415
1901
-1129
7462
51
6096
-4282
-4129
5967
3690
-9355
2334
-9427
-9568
6557
790
-4212
-5241
-3257
6718
9914
-3116
594
-3565
-7298
4548
358
-2613
203
-4320
6220
-8723
-4693
7421
2088
5668
8288
-1223
-1222
-2102
-7339
1066
1876
8457
-2363
415
-8827
7857
9013
8092
-7839
3945
-123
-4292
9276
-557
-3110
-5218
6872
9298
-9712
-1572
9160
8099
-4690
5260
-1546
-2991
9636
4370
-3481
4797
3466
6837
-1490
3316
-8684
-6508
-1967
1513
-5552
2411
-2580
2708
-5345
-9154
6036
-5416
400
-7096
-9164
-9404
1302
7305
-3295
-988
-5106
-5322
3631
2216
6873
-3976
2272
-455
3846
1439
-8851
-7276
-2060
-7739
7477
-524
-2205
3656
8491
-1889
2022
4152
-9801
-2022
-2763
-4231
877
1912
-5611
-6678
1618
2628
7105
-2930
-3318
-5746
-2378
1908
8050
-4765
5204
1729
-4983
7228
-9160
-4537
7868
-8627
8656
4239
3901
-1067
2434
-1151
-4524
-467
4410
6034
-6122
6341
-5512
7177
-5820
-5933
-7344
-2876
5417
6525
-1693
-9649
-7052
453
1994
-2388
-3199
-7554
-5167
2782
-3815
-8181
-2144
7725
-6560
950
1897
9417
-5563
3038
2274
2825
-1279
7129
-4926
-7816
5529
3923
338
-6929
2993
7578
1577
8180
6498
-1284
-8798
-6579
60
7
9090
-4594
-8122
-2985
-3012
8838
3884
2309
9503
-4731
-517
5582
81
-6565
-8687
7538
5983
-3675
-6194
-385
-787
-1416
209
-1613
4768
-8815
8606
2207
-6024
-9463
9528
-2675
-5417
-9952
8951
-829
-9886
-5002
-6601
7059
-3034
9679
-1474
-4378
-8823
6820
-8029
-5332
-2494
9566
3508
6007
4057
-3946
6252
-5800
3104
6309
9212
7681
-6279
-5592
-8240
-6571
758
-37
2107
433
6254
5531
-374
-404
-1876
-7134
1025
-1660
-8146
-6288
-3679
-3729
3364
-7085
-2961
-4871
-1582
2234
5314
-5686
-6979
4230
-4862
-9892
-8757
-7848
3776
5386
-9313
-9815
-3682
-995
-9390
-1007
2840
9923
-2724
-3634
1354
-2212
-8310
-7040
-4463
-7969
6983
-2048
2557
3774
-3246
1350
4554
2037
-5800
5584
-486
-786
8934
6223
-7449
-5443
-5711
-9640
-6476
-2114
-6642
-3728
68
-8555
-5445
3598
-5428
6313
-5111
3488
-7809
-2716
-7761
289
8580
2872
-7503
163
2670
-4428
-8999
6338
6403
-1775
8519
4486
-1069
-2069
-2768
-5045
-143
4441
-7424
818
-5272
-9513
-3633
7127
8881
6127
6960
2552
7207
-9391
2720
-2390
-880
8139
-471
-2308
-3885
2846
4101
2208
5937
7250
5353
2587
-2705
-5471
-5809
7582
-9801
-8127
7037
-3613
9643
-1836
-2709
-356
746
1292
1255
1712
-2543
-3380
5575
2336
-2684
3226
5340
-2104
7676
-9124
9771
2858
2966
-9960
-76
-1543
694
-4802
2228
-2805
4193
3834
2729
7633
-7090
-6649
-8744
925
8004
5740
9196
-7778
1686
1653
3389
1862
540
-2979
-396
-2091
-8642
-2412
-760
-3739
4376
-580
587
-4955
-1027
7195
4031
-5514
5950
693
1311
9890
4719
3703
-8225
-9458
-4916
-9433
5247
7097
-407
5428
-2355
5966
-4583
8739
-5078
-8362
-3117
6601
1247
2459
-1726
-5829
-1606
5842
-534
8333
8382
6330
-1204
3857
-6473
-4870
8799
1777
-6658
8645
89
-8593
9871
4871
-5433
-4169
6937
-7106
-2089
-6951
-7689
-5516
-6852
7844
8265
-2815
7391
-7939
5157
-8712
-3327
9642
2130
6193
1519
-8902
160
-3055
-5950
-5487
-2028
1480
9940
7576
-5489
-7089
3597
263
8335
2669
7656
5792
7778
-5545
-4594
3178
-247
8038
9872
-1177
-298
3318
2710
-7729
4397
-2443
9589
-9323
5145
8061
8591
-2355
-6775
2991
6821
9081
5622
-4053
-5962
-5365
-3862
-1408
-1731
-7231
-9955
-9563
4185
-2371
5302
-85
5426
7540
2435
1541
4083
8338
-2390
-8239
3017
2732
-5417
-922
2887
-6433
2503
-3082
4703
5502
-7588
5638
5178
-3979
-390
1096
8374
1491
228
-5279
6113
1169
-1696
4614
-8409
2497
-4079
-76
2295
8970
6088
5585
-9939
-6621
6075
-1281
2007
4225
5751
-844
-2708
5538
4393
-6968
-6103
-5686
-5366
-7575
-1203
9391
6315
5438
-833
-9229
-5932
-4569
7362
6289
-9862
-355
-7533
-800
-2719
-5477
2855
3841
-2682
-2986
5385
2798
-5228
8043
-3910
5337
-8954
7695
7188
-7628
9169
6514
-9508
8854
-6827
-2817
9647
7359
1554
7455
4529
-3997
3319
-4237
9686
2229
8773
-8816
1358
1657
-8977
1421
-1745
6680
-1178
6336
-5936
-1026
9870
-272
3832
-4745
-6921
9677
-9720
6525
-8684
2303
144
-4873
-1870
3896
5787
-1273
-9962
7750
478
1653
9998
5903
5437
5788
-854
4543
7637
3307
-1948
-1596
5603
6456
-3126
-6767
7529
-2380
4918
1225
-6759
-7792
3217
-3892
6552
-9222
-37
9436
2802
1491
-6015
8178
3599
-2231
7136
9997
-7822
4014
700
4682
9412
-7989
5049
4088
-4458
-5317
4325
-6414
8895
-4627
1792
-5948
-9372
-4634
-6647
7998
-3137
-2153
1531
-5423
9083
5755
5411
-4292
4335
-1597
-1473
2956
9888
7615
-300
1542
-959
-3223
-3079
-9300
-6640
8676
9475
-3205
-6977
5828
5613
-1961
3668
-885
-4651
2203
-2886
-6918
-6778
-9990
-1895
7881
9859
9715
-8745
8092
9457
-1726
-4833
-8476
-8884
1623
2337
-8211
7304
-6878
7372
-873
2773
-5194
2005
7119
9787
-6674
1553
8353
1626
8126
2334
8475
-6041
114
3839
8914
-8729
-2896
9469
2495
-1409
-9880
-5863
6526
5137
5395
947
-2355
4112
-6028
-5210
6994
3652
6410
1180
-9896
7761
-5583
-5358
-2490
-9173
9597
1223
7789
-6130
501
6915
-1865
6522
4668
-949
-7461
5272
6243
4479
8052
-6236
809
-7492
6177
-9879
80
-1974
-1062
6551
5354
-7872
-3928
6210
-5258
-9348
-2138
7846
-9827
-1541
790
6111
-574
-9432
-8408
-1315
5248
690
98
-6562
-3879
-2680
-9015
8424
-3506
-8922
-6607
-1167
-1667
4202
-1527
-8481
7200
126
-632
-5175
4043
-143
332
7536
-7729
-4740
-9011
-2171
-8583
-5611
2320
6511
-5004
8247
-1654
-4033
-1592
1221
6777
-2433
-5167
-1391
-6204
5684
8480
-3134
-7283
-8951
-742
-5887
-470
-6322
4273
4529
5223
5942
-713
-6822
1112
2814
9405
-3499
9647
1469
2865
-9861
-5769
-5303
-6956
-8645
9508
-6669
423
-479
5090
3467
7275
-3524
-5577
-6100
7928
-7452
-5692
4311
-7302
-8012
4883
-5877
7352
-4078
-2982
216
1192
149
8336
-8273
-6943
-5211
1573
5465
-253
9549
2012
-1467
9581
-5828
7586
8247
8153
3474
7456
7037
-7173
7700
5498
2979
9823
-4987
9363
-9079
-648
1209
-8171
-2110
478
-456
-7003
-6972
-5942
2021
-8043
1888
-4874
-8435
7003
2381
2651
-5844
-2631
3753
-210
-7417
-2212
8364
-1203
-8538
2328
-3058
2024
-3185
5012
3070
-302
-1818
3518
-6141
8020
2171
-9195
226
5098
2637
-3370
6986
-5819
4675
8493
-617
-8653
9958
-4955
-5592
-7832
-1734
9915
3508
3487
-8663
-4669
-7210
-4037
7087
-8608
-3105
-7920
-4699
-8538
3511
-3818
-3350
-7336
4739
-134
-5760
-4276
-1178
6109
-5491
-7533
-9776
4736
5048
2609
-2943
-5467
-321
2742
-1280
1913
2083
-184
-4930
1743
1896
-500
-9836
2206
2807
7297
7236
-6149
7428
-1132
1888
-8006
-3094
-2315
8217
-6821
-7535
6424
171
-4590
4032
-3166
-1683
-1218
-1918
4177
-9977
-5428
-838
6551
9590
581
960
9749
-6250
9134
-6277
-7014
3636
-2660
339
-9440
8068
-4900
-1550
-7004
-5985
1858
6640
-3447
-6811
-370
-7549
-4732
2170
1129
3238
2388
9919
-6054
-1742
-7401
-1208
-9725
318
8892
1326
-6956
4991
7768
-648
5476
-1108
-5455
-7406
1232
8353
4776
-5472
-1933
2919
-245
1594
6487
-9110
-2893
-9357
-3535
6677
9607
5281
-7322
-2069
4903
847
-8786
-4853
-1066
9789
-833
-5184
2799
-32
2678
-6667
9788
-8540
7868
-3320
-5449
-2028
-1026
-3378
8402
526
-7131
1862
-7802
-4242
5673
8223
-7206
3320
6854
-1887
-7888
-837
3324
9547
9145
8960
-6615
-1471
-9290
4146
3957
9459
1627
-7978
9884
2544
6511
-2329
-3362
9989
-3398
-3327
-2121
-6690
7020
-4390
6841
-2005
-7813
-5604
-9244
4973
-9895
3604
-8134
5836
-750
-1550
8973
-5581
-1366
7339
5279
-9425
-1830
2035
2336
8762
-9940
7880
9295
-3490
4883
1631
3043
9132
9405
8959
7595
1959
-2339
6356
973
-5111
7695
806
135
2342
-4260
-6284
-5933
-5373
3923
-5354
420
-1475
8149
7431
-5085
5561
-2986
4970
-3555
9887
7415
3439
-6112
7609
3854
-5602
-86
-5181
7529
8970
242
9422
-60
1082
-5595
931
8054
-3985
5178
4451
-1993
-2600
6463
-8274
-8386
7734
-9327
-4982
4949
-1112
-2666
-1225
-6750
-4393
1643
-9575
1501
165
-7043
-9916
3732
6753
7165
2286
-7971
-3838
5123
-2987
978
7402
-7639
7652
-2067
-4796
-3278
-8515
5226
2094
1323
-2880
8812
-9143
-9828
2837
9608
59
9004
6586
3652
3893
7333
-9453
-7025
-5880
-4285
603
9380
7565
-8446
-3258
5995
691
5858
-9384
-9785
6943
6647
-4975
-8888
6429
-1661
6990
-2346
2204
745
-5625
-7257
-6229
8131
-7162
-9886
3379
-1956
-4098
9865
-524
3035
-4790
-569
8036
8451
-5896
3871
-9417
-7639
7653
-5324
8739
2025
3915
3059
8681
5230
766
7599
7427
-7560
-7904
4258
-4518
9905
8908
1386
8943
8184
1794
7236
9795
-9788
3101
5089
-1665
-2438
-5746
7650
-8914
8958
4994
-7286
-8936
-8447
-6453
-3104
-1765
-4424
-2411
