-9996
-9996
-9992
-9990
-9989
-9989
-9985
-9984
-9979
-9977
-9977
-9965
-9962
-9960
-9960
-9958
-9958
-9957
-9956
-9955
-9953
-9952
-9943
-9942
-9941
-9940
-9940
-9939
-9931
-9923
-9920
-9920
-9919
-9916
-9916
-9911
-9909
-9908
-9899
-9897
-9897
-9896
-9895
-9892
-9891
-9890
-9890
-9889
-9889
-9888
-9888
-9886
-9886
-9885
-9883
-9882
-9880
-9879
-9879
-9878
-9876
-9875
-9862
-9861
-9861
-9855
-9851
-9847
-9845
-9841
-9838
-9837
-9837
-9837
-9836
-9836
-9833
-9830
-9828
-9828
-9828
-9827
-9827
-9827
-9820
-9818
-9815
-9808
-9805
-9804
-9801
-9801
-9798
-9793
-9792
-9789
-9789
-9788
-9786
-9785
-9782
-9781
-9780
-9778
-9776
-9775
-9771
-9769
-9765
-9761
-9759
-9755
-9750
-9736
-9736
-9731
-9730
-9728
-9725
-9720
-9719
-9719
-9718
-9714
-9712
-9712
-9711
-9710
-9706
-9705
-9703
-9702
-9700
-9698
-9698
-9695
-9693
-9691
-9690
-9690
-9688
-9682
-9682
-9681
-9680
-9678
-9677
-9673
-9673
-9671
-9670
-9664
-9664
-9660
-9657
-9655
-9655
-9654
-9654
-9654
-9653
-9651
-9651
-9651
-9650
-9649
-9646
-9646
-9642
-9640
-9640
-9637
-9636
-9631
-9630
-9630
-9627
-9626
-9626
-9624
-9624
-9621
-9620
-9620
-9618
-9617
-9616
-9615
-9613
-9613
-9612
-9611
-9611
-9602
-9602
-9599
-9597
-9592
-9590
-9586
-9586
-9583
-9578
-9575
-9574
-9568
-9567
-9564
-9564
-9563
-9562
-9557
-9556
-9555
-9555
-9554
-9551
-9550
-9549
-9549
-9547
-9542
-9537
-9534
-9534
-9527
-9519
-9518
-9513
-9510
-9509
-9508
-9507
-9507
-9506
-9506
-9506
-9504
-9501
-9500
-9488
-9487
-9485
-9484
-9484
-9483
-9475
-9471
-9466
-9463
-9460
-9458
-9457
-9457
-9456
-9454
-9453
-9453
-9452
-9451
-9450
-9450
-9449
-9449
-9447
-9444
-9444
-9440
-9439
-9439
-9438
-9435
-9434
-9433
-9433
-9432
-9432
-9432
-9431
-9429
-9428
-9427
-9426
-9425
-9424
-9424
-9420
-9418
-9417
-9414
-9410
-9407
-9404
-9404
-9401
-9397
-9394
-9391
-9391
-9391
-9390
-9389
-9389
-9388
-9387
-9384
-9380
-9379
-9377
-9376
-9375
-9372
-9371
-9370
-9368
-9368
-9364
-9364
-9362
-9360
-9359
-9357
-9357
-9355
-9354
-9352
-9351
-9351
-9350
-9350
-9348
-9347
-9341
-9340
-9340
-9337
-9330
-9329
-9327
-9326
-9323
-9323
-9323
-9322
-9319
-9319
-9315
-9315
-9313
-9312
-9311
-9310
-9309
-9305
-9300
-9299
-9297
-9297
-9292
-9291
-9290
-9290
-9288
-9287
-9286
-9284
-9282
-9281
-9281
-9272
-9268
-9267
-9265
-9263
-9261
-9260
-9260
-9259
-9258
-9254
-9253
-9251
-9246
-9244
-9243
-9240
-9239
-9238
-9237
-9236
-9236
-9234
-9234
-9232
-9230
-9230
-9229
-9228
-9226
-9224
-9222
-9219
-9218
-9216
-9215
-9213
-9211
-9210
-9209
-9206
-9204
-9204
-9204
-9203
-9203
-9202
-9201
-9197
-9195
-9188
-9188
-9187
-9184
-9183
-9175
-9175
-9173
-9168
-9168
-9165
-9164
-9164
-9164
-9163
-9162
-9162
-9161
-9161
-9160
-9160
-9160
-9154
-9153
-9150
-9150
-9149
-9147
-9143
-9142
-9137
-9128
-9125
-9124
-9124
-9122
-9117
-9113
-9111
-9110
-9109
-9107
-9107
-9105
-9101
-9098
-9097
-9096
-9096
-9095
-9088
-9087
-9085
-9079
-9079
-9079
-9076
-9076
-9076
-9072
-9072
-9070
-9066
-9063
-9059
-9058
-9057
-9057
-9056
-9049
-9049
-9049
-9049
-9048
-9044
-9043
-9041
-9039
-9034
-9033
-9033
-9027
-9022
-9021
-9021
-9019
-9015
-9011
-9005
-9004
-9001
-9000
-8999
-8999
-8996
-8996
-8993
-8991
-8991
-8982
-8982
-8979
-8977
-8973
-8971
-8968
-8967
-8967
-8967
-8966
-8965
-8963
-8962
-8961
-8957
-8956
-8954
-8954
-8951
-8951
-8947
-8944
-8944
-8942
-8941
-8941
-8939
-8939
-8938
-8936
-8936
-8934
-8934
-8933
-8932
-8931
-8929
-8927
-8926
-8926
-8926
-8926
-8926
-8926
-8925
-8923
-8922
-8922
-8920
-8918
-8918
-8916
-8914
-8907
-8902
-8901
-8899
-8899
-8898
-8897
-8895
-8894
-8888
-8888
-8888
-8884
-8884
-8882
-8882
-8876
-8873
-8866
-8866
-8862
-8860
-8860
-8856
-8856
-8855
-8853
-8852
-8851
-8848
-8846
-8846
-8845
-8844
-8843
-8843
-8842
-8832
-8829
-8827
-8825
-8823
-8823
-8823
-8822
-8818
-8818
-8818
-8816
-8815
-8815
-8813
-8813
-8812
-8810
-8810
-8808
-8804
-8802
-8799
-8798
-8798
-8797
-8796
-8791
-8788
-8787
-8786
-8785
-8785
-8785
-8785
-8783
-8781
-8780
-8779
-8777
-8769
-8769
-8762
-8757
-8754
-8749
-8748
-8745
-8744
-8742
-8741
-8741
-8740
-8735
-8732
-8730
-8730
-8729
-8728
-8728
-8726
-8725
-8725
-8724
-8723
-8720
-8719
-8717
-8712
-8712
-8709
-8707
-8705
-8704
-8702
-8698
-8698
-8693
-8690
-8687
-8684
-8684
-8682
-8681
-8676
-8675
-8674
-8671
-8667
-8663
-8661
-8660
-8659
-8658
-8657
-8653
-8646
-8645
-8645
-8643
-8643
-8642
-8641
-8637
-8636
-8630
-8630
-8627
-8627
-8626
-8620
-8618
-8617
-8616
-8612
-8610
-8608
-8607
-8607
-8606
-8604
-8603
-8602
-8601
-8599
-8597
-8596
-8596
-8593
-8589
-8588
-8587
-8586
-8586
-8584
-8583
-8583
-8580
-8576
-8574
-8573
-8573
-8573
-8570
-8566
-8565
-8565
-8559
-8555
-8555
-8552
-8551
-8546
-8542
-8541
-8541
-8540
-8538
-8538
-8538
-8538
-8536
-8532
-8530
-8529
-8528
-8527
-8521
-8515
-8513
-8508
-8507
-8505
-8504
-8499
-8498
-8497
-8496
-8496
-8493
-8492
-8491
-8488
-8487
-8481
-8481
-8476
-8475
-8472
-8468
-8466
-8463
-8463
-8462
-8459
-8447
-8446
-8445
-8444
-8442
-8441
-8438
-8435
-8434
-8433
-8432
-8432
-8431
-8430
-8429
-8428
-8427
-8425
-8425
-8424
-8424
-8420
-8419
-8418
-8418
-8418
-8417
-8416
-8414
-8414
-8412
-8411
-8411
-8409
-8408
-8406
-8405
-8403
-8401
-8400
-8398
-8397
-8396
-8394
-8392
-8390
-8388
-8388
-8387
-8386
-8383
-8380
-8379
-8376
-8370
-8367
-8363
-8362
-8362
-8361
-8360
-8359
-8356
-8356
-8353
-8352
-8347
-8346
-8342
-8342
-8340
-8339
-8338
-8337
-8330
-8329
-8329
-8323
-8316
-8314
-8313
-8312
-8310
-8309
-8307
-8302
-8298
-8297
-8295
-8293
-8288
-8288
-8286
-8285
-8283
-8274
-8274
-8273
-8272
-8269
-8267
-8262
-8261
-8259
-8257
-8255
-8246
-8246
-8246
-8243
-8242
-8241
-8240
-8239
-8234
-8234
-8233
-8225
-8225
-8224
-8221
-8219
-8216
-8215
-8211
-8211
-8210
-8209
-8207
-8194
-8194
-8192
-8190
-8189
-8187
-8184
-8183
-8182
-8181
-8181
-8180
-8178
-8175
-8171
-8171
-8167
-8163
-8160
-8160
-8158
-8155
-8155
-8154
-8152
-8151
-8150
-8150
-8147
-8147
-8146
-8145
-8143
-8138
-8135
-8135
-8134
-8131
-8130
-8130
-8127
-8125
-8123
-8122
-8121
-8118
-8118
-8117
-8115
-8113
-8113
-8111
-8105
-8105
-8104
-8104
-8097
-8097
-8095
-8092
-8091
-8079
-8074
-8074
-8073
-8073
-8068
-8068
-8061
-8060
-8059
-8057
-8052
-8051
-8048
-8043
-8043
-8041
-8033
-8031
-8029
-8029
-8027
-8026
-8023
-8021
-8020
-8019
-8018
-8012
-8012
-8012
-8010
-8009
-8009
-8008
-8007
-8007
-8006
-8001
-7997
-7993
-7990
-7990
-7989
-7984
-7983
-7982
-7981
-7979
-7978
-7978
-7977
-7975
-7975
-7971
-7970
-7970
-7969
-7968
-7968
-7966
-7963
-7962
-7962
-7961
-7958
-7950
-7946
-7944
-7939
-7938
-7936
-7933
-7929
-7926
-7922
-7920
-7918
-7917
-7917
-7916
-7916
-7916
-7915
-7912
-7906
-7904
-7904
-7903
-7900
-7899
-7897
-7896
-7891
-7890
-7888
-7885
-7885
-7884
-7881
-7881
-7876
-7875
-7874
-7873
-7873
-7872
-7872
-7872
-7870
-7866
-7866
-7864
-7864
-7860
-7858
-7857
-7849
-7848
-7848
-7845
-7844
-7843
-7840
-7839
-7833
-7832
-7832
-7830
-7827
-7826
-7825
-7822
-7822
-7821
-7820
-7820
-7818
-7817
-7816
-7816
-7815
-7814
-7813
-7813
-7809
-7809
-7807
-7805
-7804
-7802
-7799
-7798
-7797
-7796
-7792
-7789
-7787
-7787
-7786
-7785
-7782
-7781
-7778
-7773
-7763
-7761
-7759
-7756
-7755
-7754
-7753
-7751
-7750
-7748
-7748
-7748
-7748
-7746
-7741
-7740
-7739
-7739
-7732
-7730
-7729
-7729
-7728
-7728
-7724
-7724
-7719
-7719
-7717
-7716
-7715
-7713
-7712
-7712
-7705
-7704
-7696
-7693
-7693
-7689
-7689
-7688
-7686
-7677
-7677
-7676
-7673
-7673
-7671
-7668
-7668
-7668
-7667
-7666
-7666
-7659
-7659
-7655
-7655
-7654
-7654
-7652
-7650
-7648
-7643
-7641
-7641
-7639
-7639
-7639
-7639
-7638
-7636
-7634
-7631
-7628
-7624
-7624
-7622
-7619
-7612
-7611
-7610
-7607
-7607
-7606
-7603
-7602
-7601
-7600
-7600
-7599
-7597
-7594
-7591
-7591
-7588
-7588
-7585
-7584
-7583
-7583
-7575
-7575
-7574
-7573
-7573
-7570
-7570
-7569
-7566
-7564
-7561
-7560
-7560
-7554
-7554
-7553
-7549
-7547
-7547
-7547
-7545
-7544
-7543
-7543
-7537
-7536
-7535
-7533
-7533
-7527
-7527
-7522
-7518
-7516
-7516
-7510
-7507
-7506
-7503
-7503
-7502
-7501
-7500
-7498
-7498
-7496
-7492
-7491
-7488
-7487
-7486
-7486
-7485
-7485
-7483
-7483
-7478
-7476
-7472
-7466
-7462
-7461
-7458
-7453
-7452
-7449
-7448
-7443
-7442
-7436
-7435
-7432
-7430
-7430
-7430
-7428
-7427
-7424
-7423
-7422
-7421
-7420
-7418
-7417
-7417
-7415
-7407
-7406
-7402
-7401
-7396
-7396
-7385
-7385
-7382
-7380
-7374
-7367
-7366
-7364
-7360
-7359
-7359
-7358
-7356
-7353
-7352
-7352
-7351
-7351
-7344
-7343
-7340
-7340
-7340
-7339
-7337
-7336
-7336
-7335
-7332
-7331
-7327
-7327
-7323
-7323
-7322
-7322
-7321
-7307
-7305
-7304
-7303
-7302
-7302
-7298
-7298
-7295
-7289
-7286
-7286
-7286
-7284
-7283
-7283
-7281
-7278
-7278
-7276
-7270
-7270
-7268
-7263
-7263
-7262
-7259
-7257
-7253
-7253
-7251
-7250
-7243
-7241
-7238
-7237
-7234
-7231
-7226
-7226
-7224
-7222
-7220
-7219
-7219
-7218
-7217
-7216
-7215
-7214
-7213
-7210
-7210
-7209
-7206
-7195
-7194
-7190
-7187
-7185
-7184
-7183
-7182
-7182
-7179
-7178
-7178
-7173
-7173
-7173
-7171
-7171
-7168
-7162
-7162
-7160
-7160
-7158
-7157
-7152
-7152
-7152
-7150
-7145
-7142
-7141
-7141
-7138
-7137
-7134
-7134
-7131
-7128
-7126
-7125
-7125
-7125
-7124
-7123
-7122
-7118
-7117
-7116
-7112
-7109
-7106
-7105
-7097
-7096
-7096
-7094
-7094
-7090
-7090
-7089
-7087
-7086
-7085
-7080
-7078
-7074
-7072
-7069
-7067
-7067
-7063
-7062
-7061
-7061
-7059
-7059
-7058
-7056
-7054
-7052
-7049
-7049
-7048
-7046
-7043
-7040
-7040
-7040
-7039
-7035
-7034
-7032
-7031
-7031
-7029
-7027
-7027
-7025
-7024
-7024
-7017
-7014
-7012
-7007
-7006
-7006
-7004
-7004
-7004
-7003
-7003
-7002
-7001
-7000
-6997
-6995
-6985
-6984
-6983
-6979
-6979
-6977
-6977
-6976
-6974
-6974
-6973
-6973
-6972
-6968
-6968
-6965
-6963
-6963
-6961
-6961
-6960
-6956
-6956
-6956
-6951
-6945
-6943
-6937
-6937
-6930
-6929
-6929
-6921
-6920
-6919
-6918
-6916
-6915
-6908
-6907
-6907
-6906
-6906
-6903
-6900
-6899
-6887
-6885
-6884
-6884
-6884
-6882
-6881
-6881
-6878
-6878
-6870
-6868
-6865
-6863
-6862
-6860
-6860
-6859
-6858
-6857
-6856
-6855
-6854
-6852
-6848
-6847
-6846
-6840
-6838
-6835
-6833
-6827
-6826
-6822
-6821
-6821
-6820
-6818
-6815
-6811
-6806
-6803
-6800
-6798
-6794
-6789
-6788
-6788
-6786
-6785
-6784
-6783
-6781
-6779
-6778
-6777
-6776
-6775
-6775
-6775
-6773
-6770
-6767
-6767
-6763
-6759
-6759
-6753
-6750
-6749
-6749
-6748
-6742
-6740
-6737
-6735
-6733
-6728
-6725
-6722
-6718
-6717
-6717
-6716
-6715
-6714
-6712
-6711
-6710
-6710
-6708
-6708
-6708
-6706
-6705
-6705
-6704
-6704
-6703
-6701
-6698
-6691
-6690
-6689
-6689
-6678
-6678
-6674
-6674
-6671
-6669
-6668
-6667
-6664
-6660
-6659
-6658
-6653
-6649
-6647
-6644
-6644
-6644
-6643
-6642
-6641
-6640
-6640
-6640
-6638
-6637
-6637
-6635
-6633
-6631
-6629
-6628
-6627
-6627
-6627
-6627
-6623
-6621
-6616
-6615
-6615
-6611
-6611
-6607
-6606
-6606
-6605
-6605
-6604
-6604
-6601
-6599
-6588
-6587
-6585
-6584
-6583
-6581
-6579
-6573
-6571
-6571
-6571
-6570
-6569
-6565
-6562
-6561
-6560
-6557
-6554
-6550
-6547
-6543
-6541
-6539
-6538
-6536
-6532
-6531
-6529
-6526
-6524
-6522
-6522
-6520
-6520
-6520
-6515
-6514
-6511
-6508
-6507
-6497
-6495
-6495
-6493
-6491
-6489
-6486
-6483
-6480
-6476
-6475
-6475
-6474
-6473
-6470
-6470
-6470
-6466
-6460
-6459
-6453
-6452
-6445
-6443
-6439
-6438
-6438
-6434
-6433
-6433
-6432
-6421
-6420
-6420
-6418
-6417
-6417
-6414
-6408
-6406
-6405
-6403
-6402
-6399
-6398
-6397
-6397
-6395
-6391
-6389
-6387
-6387
-6385
-6385
-6384
-6383
-6381
-6379
-6379
-6378
-6376
-6371
-6369
-6367
-6366
-6365
-6360
-6356
-6353
-6352
-6350
-6348
-6345
-6342
-6341
-6340
-6339
-6333
-6333
-6330
-6328
-6326
-6322
-6317
-6317
-6317
-6316
-6316
-6315
-6313
-6311
-6307
-6306
-6305
-6301
-6298
-6298
-6297
-6297
-6296
-6293
-6291
-6288
-6285
-6284
-6284
-6281
-6279
-6278
-6277
-6277
-6277
-6277
-6275
-6274
-6273
-6271
-6270
-6269
-6269
-6269
-6266
-6265
-6263
-6259
-6257
-6256
-6254
-6250
-6244
-6244
-6243
-6243
-6237
-6236
-6236
-6235
-6233
-6231
-6229
-6229
-6227
-6226
-6225
-6224
-6224
-6223
-6220
-6220
-6217
-6213
-6213
-6212
-6210
-6208
-6207
-6204
-6203
-6203
-6201
-6200
-6197
-6195
-6194
-6192
-6190
-6184
-6182
-6182
-6182
-6180
-6176
-6175
-6171
-6171
-6167
-6161
-6159
-6158
-6158
-6157
-6150
-6149
-6149
-6142
-6142
-6141
-6136
-6133
-6131
-6130
-6129
-6122
-6120
-6120
-6115
-6114
-6113
-6112
-6108
-6103
-6102
-6100
-6100
-6097
-6092
-6089
-6089
-6088
-6088
-6086
-6084
-6081
-6081
-6080
-6078
-6078
-6076
-6075
-6075
-6070
-6066
-6065
-6063
-6062
-6061
-6059
-6056
-6054
-6054
-6054
-6047
-6041
-6041
-6035
-6032
-6031
-6028
-6028
-6026
-6026
-6024
-6021
-6020
-6019
-6015
-6015
-6013
-6011
-6011
-6007
-6004
-6002
-5993
-5991
-5991
-5986
-5985
-5985
-5985
-5984
-5973
-5968
-5966
-5964
-5962
-5960
-5959
-5959
-5952
-5950
-5948
-5948
-5947
-5947
-5944
-5942
-5939
-5938
-5937
-5936
-5934
-5933
-5933
-5932
-5932
-5929
-5929
-5927
-5926
-5921
-5918
-5915
-5910
-5908
-5900
-5896
-5895
-5894
-5893
-5891
-5890
-5887
-5880
-5878
-5878
-5877
-5875
-5873
-5872
-5870
-5867
-5865
-5865
-5864
-5864
-5863
-5863
-5862
-5858
-5855
-5854
-5851
-5850
-5850
-5848
-5844
-5844
-5843
-5842
-5842
-5842
-5841
-5838
-5837
-5830
-5830
-5829
-5828
-5823
-5822
-5820
-5819
-5818
-5816
-5812
-5809
-5804
-5804
-5800
-5800
-5800
-5799
-5799
-5796
-5793
-5793
-5791
-5790
-5784
-5784
-5783
-5779
-5777
-5776
-5775
-5774
-5770
-5769
-5767
-5763
-5760
-5760
-5758
-5757
-5756
-5752
-5747
-5746
-5746
-5745
-5743
-5734
-5734
-5728
-5717
-5715
-5714
-5713
-5711
-5711
-5711
-5711
-5710
-5710
-5709
-5706
-5702
-5699
-5698
-5697
-5696
-5694
-5692
-5691
-5687
-5687
-5686
-5686
-5686
-5685
-5685
-5684
-5681
-5675
-5672
-5669
-5668
-5667
-5666
-5663
-5663
-5661
-5660
-5656
-5655
-5655
-5654
-5652
-5650
-5644
-5644
-5642
-5639
-5637
-5632
-5627
-5625
-5622
-5622
-5621
-5619
-5615
-5615
-5613
-5613
-5611
-5611
-5606
-5604
-5603
-5602
-5597
-5595
-5594
-5592
-5592
-5587
-5586
-5583
-5581
-5580
-5578
-5577
-5576
-5570
-5570
-5566
-5563
-5561
-5552
-5548
-5546
-5546
-5545
-5544
-5543
-5541
-5535
-5535
-5532
-5532
-5528
-5522
-5521
-5519
-5516
-5515
-5514
-5513
-5512
-5511
-5511
-5506
-5505
-5504
-5504
-5498
-5495
-5494
-5494
-5494
-5494
-5493
-5491
-5491
-5491
-5489
-5489
-5489
-5487
-5486
-5481
-5479
-5477
-5474
-5472
-5471
-5470
-5470
-5467
-5466
-5455
-5453
-5449
-5446
-5445
-5444
-5444
-5443
-5436
-5436
-5434
-5433
-5433
-5428
-5428
-5428
-5427
-5426
-5425
-5423
-5420
-5419
-5417
-5417
-5416
-5414
-5399
-5399
-5399
-5392
-5381
-5379
-5373
-5373
-5371
-5371
-5370
-5368
-5366
-5365
-5362
-5360
-5358
-5358
-5355
-5354
-5354
-5348
-5345
-5344
-5339
-5339
-5334
-5332
-5329
-5329
-5325
-5324
-5322
-5319
-5317
-5314
-5309
-5303
-5297
-5294
-5294
-5293
-5291
-5289
-5288
-5286
-5285
-5280
-5279
-5276
-5273
-5272
-5271
-5265
-5264
-5260
-5258
-5257
-5256
-5254
-5253
-5248
-5246
-5245
-5245
-5243
-5241
-5241
-5238
-5238
-5237
-5234
-5234
-5232
-5230
-5230
-5228
-5227
-5225
-5224
-5224
-5222
-5220
-5219
-5218
-5216
-5216
-5215
-5214
-5213
-5211
-5210
-5204
-5204
-5202
-5201
-5201
-5194
-5188
-5188
-5184
-5184
-5181
-5179
-5175
-5173
-5172
-5171
-5169
-5167
-5167
-5163
-5161
-5161
-5158
-5157
-5155
-5153
-5152
-5151
-5150
-5149
-5146
-5146
-5139
-5138
-5138
-5135
-5132
-5129
-5125
-5124
-5122
-5117
-5112
-5112
-5111
-5111
-5110
-5110
-5108
-5108
-5108
-5107
-5106
-5106
-5102
-5098
-5097
-5097
-5096
-5093
-5092
-5090
-5090
-5087
-5085
-5084
-5084
-5082
-5082
-5078
-5078
-5077
-5074
-5073
-5072
-5069
-5066
-5064
-5060
-5059
-5045
-5043
-5035
-5034
-5028
-5025
-5025
-5020
-5020
-5017
-5017
-5013
-5010
-5007
-5004
-5002
-4999
-4997
-4996
-4996
-4990
-4989
-4988
-4987
-4984
-4984
-4984
-4983
-4982
-4981
-4975
-4973
-4970
-4969
-4968
-4967
-4962
-4955
-4955
-4955
-4954
-4952
-4951
-4949
-4949
-4946
-4946
-4945
-4945
-4945
-4933
-4932
-4931
-4930
-4930
-4926
-4916
-4916
-4916
-4907
-4905
-4900
-4892
-4889
-4884
-4883
-4882
-4881
-4881
-4876
-4874
-4874
-4873
-4871
-4870
-4867
-4866
-4864
-4862
-4862
-4862
-4859
-4854
-4853
-4853
-4842
-4840
-4838
-4833
-4826
-4820
-4816
-4814
-4814
-4809
-4806
-4805
-4802
-4800
-4799
-4797
-4796
-4794
-4792
-4791
-4790
-4788
-4786
-4785
-4783
-4783
-4783
-4778
-4778
-4773
-4771
-4770
-4768
-4765
-4764
-4759
-4756
-4749
-4748
-4746
-4745
-4742
-4740
-4738
-4738
-4738
-4737
-4733
-4732
-4731
-4730
-4728
-4728
-4723
-4722
-4719
-4718
-4717
-4716
-4715
-4714
-4714
-4713
-4712
-4710
-4707
-4702
-4702
-4702
-4701
-4699
-4698
-4693
-4691
-4690
-4687
-4684
-4682
-4678
-4673
-4669
-4669
-4662
-4662
-4651
-4651
-4650
-4647
-4644
-4644
-4643
-4640
-4636
-4635
-4634
-4634
-4630
-4628
-4627
-4620
-4617
-4616
-4613
-4612
-4612
-4609
-4604
-4604
-4602
-4600
-4596
-4594
-4594
-4590
-4590
-4589
-4585
-4584
-4583
-4581
-4581
-4579
-4578
-4577
-4575
-4574
-4573
-4569
-4568
-4563
-4562
-4560
-4556
-4553
-4550
-4545
-4541
-4540
-4539
-4539
-4537
-4533
-4533
-4531
-4529
-4527
-4526
-4524
-4524
-4523
-4523
-4518
-4515
-4511
-4507
-4506
-4503
-4503
-4501
-4499
-4497
-4496
-4495
-4495
-4495
-4489
-4485
-4483
-4483
-4483
-4481
-4478
-4478
-4467
-4463
-4458
-4457
-4456
-4452
-4451
-4438
-4436
-4434
-4431
-4429
-4429
-4428
-4428
-4424
-4424
-4422
-4422
-4421
-4420
-4416
-4414
-4413
-4410
-4407
-4406
-4402
-4402
-4400
-4398
-4396
-4396
-4395
-4393
-4390
-4386
-4386
-4381
-4380
-4378
-4378
-4378
-4375
-4372
-4368
-4366
-4361
-4361
-4360
-4350
-4348
-4346
-4345
-4345
-4341
-4336
-4336
-4334
-4334
-4333
-4332
-4325
-4323
-4323
-4322
-4320
-4317
-4308
-4308
-4308
-4308
-4306
-4299
-4298
-4297
-4296
-4295
-4293
-4292
-4292
-4292
-4289
-4288
-4285
-4284
-4282
-4281
-4281
-4278
-4277
-4276
-4267
-4260
-4257
-4250
-4250
-4248
-4248
-4247
-4247
-4247
-4242
-4240
-4238
-4237
-4237
-4235
-4234
-4231
-4231
-4229
-4229
-4226
-4222
-4218
-4218
-4216
-4216
-4215
-4212
-4212
-4211
-4211
-4211
-4209
-4209
-4206
-4205
-4202
-4199
-4199
-4198
-4197
-4195
-4194
-4187
-4183
-4181
-4181
-4174
-4172
-4169
-4168
-4167
-4166
-4165
-4162
-4162
-4160
-4159
-4156
-4154
-4150
-4146
-4145
-4143
-4138
-4132
-4129
-4129
-4128
-4127
-4125
-4123
-4119
-4119
-4119
-4109
-4107
-4106
-4106
-4101
-4101
-4098
-4098
-4097
-4094
-4093
-4092
-4091
-4091
-4090
-4082
-4079
-4078
-4077
-4073
-4072
-4070
-4067
-4067
-4067
-4064
-4063
-4062
-4061
-4057
-4057
-4053
-4051
-4051
-4048
-4046
-4046
-4046
-4046
-4044
-4042
-4038
-4037
-4037
-4036
-4036
-4035
-4034
-4033
-4031
-4027
-4027
-4022
-4022
-4022
-4021
-4021
-4020
-4017
-4017
-4015
-4010
-4006
-4005
-4003
-4000
-3999
-3998
-3997
-3996
-3995
-3995
-3989
-3989
-3989
-3989
-3988
-3985
-3985
-3982
-3980
-3979
-3979
-3978
-3976
-3973
-3970
-3968
-3967
-3966
-3965
-3959
-3959
-3955
-3951
-3949
-3946
-3946
-3943
-3937
-3937
-3936
-3935
-3932
-3931
-3928
-3928
-3927
-3926
-3925
-3923
-3921
-3920
-3920
-3919
-3918
-3917
-3917
-3913
-3912
-3912
-3912
-3910
-3908
-3907
-3907
-3900
-3898
-3894
-3893
-3892
-3889
-3887
-3885
-3885
-3881
-3879
-3879
-3877
-3873
-3873
-3870
-3869
-3866
-3863
-3862
-3860
-3851
-3849
-3846
-3845
-3845
-3843
-3843
-3842
-3841
-3840
-3838
-3836
-3834
-3831
-3830
-3823
-3820
-3818
-3815
-3814
-3809
-3808
-3802
-3801
-3797
-3793
-3791
-3791
-3788
-3788
-3787
-3786
-3786
-3783
-3782
-3782
-3780
-3779
-3778
-3776
-3769
-3767
-3763
-3762
-3761
-3760
-3760
-3759
-3758
-3757
-3753
-3745
-3739
-3735
-3734
-3734
-3731
-3731
-3729
-3728
-3725
-3724
-3718
-3717
-3716
-3715
-3711
-3710
-3710
-3708
-3702
-3694
-3694
-3693
-3691
-3688
-3684
-3684
-3682
-3682
-3679
-3679
-3679
-3675
-3673
-3671
-3670
-3669
-3664
-3662
-3660
-3655
-3654
-3653
-3651
-3650
-3650
-3648
-3648
-3646
-3645
-3644
-3644
-3639
-3635
-3634
-3633
-3629
-3624
-3622
-3620
-3620
-3613
-3611
-3607
-3601
-3600
-3600
-3598
-3597
-3591
-3581
-3578
-3576
-3575
-3568
-3568
-3566
-3565
-3558
-3555
-3555
-3555
-3552
-3552
-3547
-3546
-3543
-3542
-3541
-3541
-3538
-3535
-3535
-3534
-3531
-3526
-3525
-3525
-3525
-3524
-3522
-3521
-3519
-3514
-3508
-3506
-3505
-3504
-3504
-3499
-3499
-3499
-3492
-3492
-3491
-3491
-3490
-3487
-3484
-3484
-3483
-3481
-3481
-3477
-3474
-3473
-3473
-3473
-3473
-3470
-3467
-3467
-3463
-3462
-3461
-3459
-3456
-3453
-3450
-3448
-3447
-3447
-3443
-3443
-3439
-3437
-3437
-3429
-3426
-3426
-3426
-3426
-3424
-3414
-3414
-3414
-3409
-3401
-3398
-3396
-3392
-3389
-3385
-3385
-3382
-3381
-3380
-3380
-3379
-3378
-3376
-3375
-3375
-3370
-3366
-3364
-3363
-3363
-3363
-3362
-3357
-3350
-3350
-3349
-3344
-3340
-3340
-3335
-3330
-3330
-3327
-3327
-3326
-3325
-3321
-3321
-3320
-3318
-3315
-3313
-3311
-3307
-3306
-3305
-3299
-3295
-3282
-3281
-3280
-3280
-3278
-3276
-3276
-3276
-3275
-3271
-3271
-3271
-3270
-3270
-3263
-3259
-3258
-3257
-3256
-3249
-3246
-3245
-3245
-3241
-3239
-3238
-3234
-3234
-3233
-3226
-3224
-3223
-3222
-3216
-3211
-3208
-3207
-3206
-3205
-3205
-3199
-3199
-3198
-3198
-3196
-3191
-3188
-3186
-3185
-3184
-3181
-3180
-3176
-3175
-3174
-3172
-3171
-3171
-3167
-3167
-3166
-3166
-3159
-3158
-3158
-3157
-3154
-3154
-3153
-3151
-3151
-3151
-3150
-3143
-3137
-3134
-3134
-3132
-3130
-3128
-3126
-3124
-3122
-3122
-3119
-3117
-3116
-3112
-3111
-3110
-3105
-3104
-3104
-3096
-3096
-3094
-3093
-3092
-3092
-3091
-3087
-3087
-3086
-3082
-3080
-3079
-3077
-3076
-3076
-3072
-3069
-3068
-3067
-3065
-3060
-3060
-3060
-3058
-3057
-3057
-3055
-3055
-3053
-3049
-3048
-3048
-3047
-3042
-3037
-3036
-3034
-3026
-3026
-3026
-3016
-3015
-3012
-3011
-3011
-3009
-3009
-3008
-3003
-3001
-2999
-2997
-2996
-2994
-2992
-2991
-2991
-2989
-2987
-2986
-2986
-2985
-2985
-2983
-2982
-2979
-2975
-2974
-2973
-2972
-2972
-2971
-2970
-2966
-2966
-2964
-2962
-2962
-2962
-2961
-2961
-2960
-2959
-2959
-2957
-2956
-2955
-2954
-2954
-2952
-2951
-2950
-2950
-2946
-2946
-2944
-2943
-2942
-2942
-2942
-2941
-2940
-2937
-2936
-2935
-2933
-2933
-2930
-2929
-2927
-2924
-2923
-2923
-2920
-2917
-2916
-2913
-2912
-2912
-2910
-2909
-2908
-2904
-2898
-2896
-2895
-2893
-2892
-2891
-2887
-2887
-2886
-2882
-2880
-2880
-2879
-2876
-2870
-2868
-2868
-2867
-2867
-2860
-2860
-2858
-2855
-2855
-2853
-2852
-2851
-2849
-2847
-2846
-2844
-2844
-2837
-2835
-2833
-2833
-2830
-2822
-2820
-2817
-2817
-2817
-2815
-2815
-2815
-2813
-2812
-2809
-2805
-2803
-2802
-2802
-2799
-2796
-2795
-2794
-2793
-2791
-2786
-2784
-2783
-2783
-2773
-2772
-2769
-2769
-2768
-2768
-2763
-2761
-2761
-2757
-2756
-2753
-2752
-2750
-2749
-2749
-2744
-2743
-2740
-2738
-2737
-2737
-2736
-2731
-2727
-2725
-2724
-2719
-2718
-2717
-2716
-2711
-2711
-2709
-2708
-2708
-2707
-2706
-2705
-2705
-2703
-2702
-2701
-2700
-2695
-2690
-2684
-2682
-2680
-2676
-2675
-2669
-2668
-2666
-2666
-2661
-2660
-2660
-2660
-2659
-2658
-2658
-2657
-2652
-2652
-2650
-2649
-2648
-2642
-2639
-2639
-2637
-2636
-2631
-2630
-2618
-2615
-2615
-2613
-2613
-2608
-2607
-2606
-2602
-2600
-2600
-2599
-2597
-2596
-2594
-2592
-2591
-2588
-2587
-2585
-2582
-2580
-2578
-2577
-2577
-2576
-2575
-2572
-2570
-2570
-2569
-2567
-2563
-2559
-2556
-2549
-2547
-2543
-2541
-2541
-2540
-2539
-2537
-2536
-2534
-2532
-2531
-2530
-2525
-2522
-2517
-2517
-2514
-2512
-2511
-2511
-2506
-2503
-2502
-2501
-2496
-2495
-2494
-2490
-2475
-2473
-2472
-2468
-2466
-2466
-2462
-2459
-2459
-2459
-2458
-2456
-2454
-2448
-2445
-2444
-2444
-2444
-2443
-2442
-2442
-2439
-2438
-2436
-2436
-2435
-2435
-2434
-2434
-2433
-2433
-2432
-2431
-2430
-2430
-2429
-2425
-2423
-2421
-2417
-2412
-2412
-2411
-2407
-2405
-2404
-2400
-2400
-2393
-2392
-2390
-2390
-2390
-2389
-2389
-2388
-2386
-2386
-2385
-2384
-2381
-2380
-2378
-2376
-2374
-2373
-2371
-2367
-2365
-2365
-2363
-2355
-2355
-2355
-2353
-2350
-2350
-2346
-2343
-2339
-2339
-2338
-2336
-2336
-2335
-2331
-2331
-2329
-2324
-2322
-2321
-2317
-2316
-2315
-2315
-2313
-2310
-2308
-2308
-2307
-2305
-2300
-2297
-2297
-2286
-2286
-2285
-2283
-2282
-2281
-2276
-2275
-2275
-2273
-2273
-2271
-2269
-2268
-2267
-2261
-2260
-2260
-2254
-2252
-2251
-2251
-2248
-2248
-2247
-2247
-2246
-2243
-2237
-2236
-2235
-2235
-2231
-2231
-2231
-2226
-2225
-2218
-2217
-2217
-2214
-2212
-2212
-2212
-2208
-2205
-2204
-2204
-2199
-2199
-2198
-2194
-2191
-2188
-2184
-2181
-2179
-2177
-2173
-2171
-2168
-2168
-2166
-2164
-2162
-2161
-2161
-2159
-2158
-2156
-2153
-2151
-2150
-2150
-2147
-2146
-2145
-2144
-2144
-2143
-2138
-2138
-2137
-2126
-2126
-2121
-2118
-2117
-2114
-2110
-2110
-2107
-2106
-2105
-2104
-2102
-2102
-2096
-2095
-2094
-2091
-2089
-2084
-2080
-2079
-2077
-2076
-2073
-2072
-2069
-2069
-2069
-2068
-2068
-2067
-2065
-2063
-2062
-2060
-2058
-2058
-2049
-2048
-2036
-2035
-2034
-2032
-2029
-2028
-2028
-2028
-2025
-2024
-2022
-2021
-2020
-2019
-2015
-2014
-2011
-2011
-2008
-2007
-2006
-2005
-2005
-2004
-1997
-1997
-1996
-1995
-1995
-1993
-1989
-1988
-1987
-1982
-1981
-1981
-1980
-1977
-1977
-1976
-1975
-1974
-1974
-1974
-1972
-1970
-1967
-1963
-1962
-1962
-1961
-1961
-1959
-1957
-1956
-1956
-1954
-1951
-1951
-1948
-1944
-1943
-1941
-1937
-1933
-1932
-1931
-1928
-1924
-1923
-1922
-1918
-1911
-1911
-1911
-1909
-1907
-1906
-1905
-1903
-1902
-1901
-1901
-1899
-1896
-1895
-1893
-1890
-1890
-1890
-1889
-1888
-1887
-1886
-1885
-1880
-1879
-1876
-1876
-1876
-1874
-1874
-1872
-1870
-1870
-1869
-1867
-1865
-1865
-1860
-1856
-1854
-1851
-1850
-1849
-1848
-1847
-1847
-1847
-1845
-1840
-1840
-1840
-1836
-1833
-1830
-1830
-1826
-1820
-1818
-1818
-1815
-1814
-1809
-1808
-1791
-1783
-1778
-1777
-1777
-1775
-1765
-1765
-1761
-1760
-1759
-1757
-1753
-1752
-1751
-1745
-1744
-1743
-1742
-1740
-1739
-1736
-1734
-1731
-1726
-1726
-1726
-1726
-1720
-1714
-1705
-1705
-1704
-1703
-1702
-1698
-1697
-1696
-1695
-1693
-1685
-1684
-1683
-1676
-1675
-1672
-1671
-1669
-1667
-1666
-1665
-1664
-1662
-1662
-1661
-1660
-1657
-1655
-1654
-1653
-1653
-1649
-1648
-1646
-1644
-1643
-1643
-1632
-1632
-1628
-1624
-1621
-1620
-1615
-1614
-1613
-1611
-1610
-1609
-1609
-1608
-1607
-1606
-1605
-1601
-1599
-1597
-1597
-1597
-1596
-1596
-1595
-1593
-1593
-1592
-1591
-1590
-1590
-1582
-1582
-1582
-1581
-1581
-1581
-1576
-1572
-1571
-1569
-1568
-1568
-1567
-1565
-1565
-1563
-1562
-1562
-1561
-1554
-1554
-1554
-1552
-1550
-1550
-1546
-1543
-1543
-1541
-1541
-1541
-1535
-1533
-1532
-1529
-1528
-1527
-1526
-1524
-1522
-1521
-1520
-1520
-1518
-1516
-1513
-1513
-1508
-1506
-1505
-1492
-1490
-1490
-1487
-1486
-1484
-1483
-1483
-1475
-1474
-1473
-1473
-1473
-1471
-1470
-1469
-1469
-1467
-1466
-1463
-1463
-1461
-1460
-1456
-1453
-1453
-1451
-1451
-1451
-1450
-1446
-1437
-1433
-1431
-1428
-1428
-1426
-1421
-1420
-1418
-1417
-1416
-1409
-1408
-1407
-1405
-1405
-1404
-1403
-1402
-1399
-1398
-1391
-1390
-1390
-1382
-1379
-1379
-1378
-1378
-1377
-1377
-1369
-1366
-1359
-1359
-1356
-1352
-1352
-1351
-1347
-1345
-1344
-1343
-1342
-1342
-1341
-1340
-1336
-1336
-1328
-1323
-1322
-1321
-1321
-1315
-1314
-1312
-1312
-1311
-1311
-1306
-1306
-1302
-1298
-1297
-1297
-1293
-1288
-1287
-1285
-1284
-1281
-1280
-1280
-1279
-1278
-1278
-1277
-1276
-1274
-1273
-1272
-1268
-1267
-1263
-1263
-1260
-1260
-1259
-1258
-1257
-1254
-1253
-1252
-1249
-1247
-1244
-1242
-1233
-1230
-1225
-1223
-1223
-1222
-1219
-1218
-1218
-1214
-1214
-1212
-1208
-1208
-1208
-1207
-1207
-1206
-1206
-1204
-1204
-1203
-1203
-1203
-1203
-1199
-1199
-1198
-1196
-1188
-1184
-1183
-1181
-1180
-1178
-1178
-1177
-1177
-1177
-1176
-1175
-1175
-1174
-1171
-1167
-1166
-1164
-1163
-1163
-1160
-1156
-1154
-1152
-1151
-1151
-1151
-1150
-1148
-1146
-1145
-1132
-1131
-1129
-1128
-1122
-1119
-1119
-1117
-1113
-1112
-1110
-1110
-1108
-1107
-1107
-1097
-1095
-1095
-1093
-1090
-1090
-1088
-1087
-1086
-1086
-1083
-1082
-1077
-1074
-1073
-1072
-1071
-1069
-1069
-1068
-1067
-1066
-1062
-1062
-1060
-1055
-1055
-1051
-1050
-1048
-1047
-1046
-1044
-1043
-1039
-1039
-1039
-1027
-1026
-1026
-1026
-1025
-1023
-1022
-1021
-1017
-1016
-1014
-1013
-1011
-1007
-1005
-1005
-1004
-1004
-999
-995
-989
-989
-989
-988
-982
-980
-979
-979
-978
-976
-975
-969
-959
-958
-953
-952
-952
-952
-951
-950
-950
-949
-949
-948
-948
-946
-945
-937
-936
-935
-935
-934
-930
-927
-926
-922
-916
-915
-911
-908
-907
-906
-903
-901
-901
-900
-897
-895
-895
-892
-892
-891
-887
-887
-886
-885
-883
-881
-881
-880
-880
-877
-874
-873
-870
-870
-861
-856
-855
-855
-854
-850
-849
-848
-844
-843
-842
-838
-838
-837
-834
-833
-833
-832
-829
-829
-829
-828
-816
-814
-812
-811
-810
-804
-804
-803
-802
-800
-800
-800
-794
-793
-791
-791
-790
-787
-786
-786
-781
-781
-772
-770
-768
-767
-760
-755
-750
-750
-748
-745
-742
-741
-739
-732
-731
-731
-725
-723
-723
-723
-721
-719
-715
-715
-713
-713
-713
-709
-706
-705
-704
-702
-702
-700
-699
-698
-695
-693
-692
-686
-685
-684
-684
-683
-682
-682
-681
-681
-672
-672
-671
-671
-666
-661
-656
-654
-653
-651
-650
-648
-648
-647
-646
-645
-642
-640
-637
-632
-625
-624
-620
-617
-616
-612
-612
-608
-606
-605
-602
-601
-598
-595
-594
-591
-591
-587
-585
-583
-580
-575
-575
-574
-573
-569
-568
-566
-566
-558
-558
-557
-555
-555
-555
-554
-548
-543
-537
-536
-534
-533
-529
-526
-525
-524
-524
-523
-523
-519
-517
-516
-515
-513
-512
-501
-500
-500
-499
-499
-494
-493
-493
-493
-491
-486
-480
-479
-478
-474
-471
-471
-470
-470
-468
-468
-467
-467
-466
-466
-461
-457
-456
-455
-455
-450
-449
-446
-438
-430
-425
-425
-418
-415
-409
-408
-407
-406
-404
-400
-400
-400
-396
-394
-391
-390
-387
-387
-385
-384
-383
-374
-373
-372
-370
-366
-365
-365
-364
-363
-361
-361
-358
-356
-355
-355
-354
-354
-353
-349
-348
-345
-341
-341
-337
-337
-332
-332
-331
-331
-327
-326
-321
-319
-319
-317
-316
-314
-313
-310
-309
-309
-302
-301
-300
-298
-298
-297
-296
-293
-291
-285
-282
-282
-282
-281
-280
-280
-277
-272
-268
-267
-267
-265
-259
-256
-253
-253
-251
-251
-250
-247
-247
-247
-246
-245
-244
-242
-237
-236
-235
-235
-231
-231
-230
-227
-226
-225
-224
-222
-216
-213
-211
-210
-210
-209
-207
-204
-190
-188
-184
-180
-179
-174
-173
-172
-164
-163
-158
-157
-152
-151
-150
-146
-143
-143
-143
-141
-141
-141
-140
-140
-139
-136
-135
-134
-132
-123
-123
-122
-121
-120
-119
-117
-116
-115
-114
-111
-111
-108
-105
-103
-101
-96
-95
-95
-92
-88
-86
-85
-83
-82
-79
-79
-78
-76
-76
-71
-71
-68
-67
-67
-66
-65
-63
-62
-61
-60
-59
-59
-58
-57
-53
-53
-50
-50
-49
-47
-46
-44
-44
-39
-38
-37
-37
-35
-34
-33
-32
-28
-19
-13
-11
-9
-7
-5
2
2
2
3
5
7
8
10
14
14
18
21
25
25
25
26
26
28
29
32
34
37
39
42
44
44
45
46
51
55
57
59
60
61
62
65
68
69
69
73
78
80
81
81
82
82
84
89
90
94
97
98
99
100
101
102
102
102
103
109
110
111
111
113
114
114
114
116
118
121
122
122
123
126
130
131
135
135
136
137
137
139
140
140
141
142
144
144
144
145
147
149
150
156
160
163
165
165
167
167
168
170
170
171
173
175
175
177
178
179
180
180
180
183
183
194
199
203
205
209
209
210
210
210
211
214
214
216
220
224
224
226
228
231
232
233
233
234
234
237
237
238
240
242
242
246
254
256
258
259
262
263
264
264
264
267
268
271
271
273
274
276
277
281
283
289
289
295
301
305
308
310
311
311
313
315
318
319
319
325
327
327
328
329
332
338
339
341
342
346
346
346
355
355
358
363
368
376
379
381
383
383
384
386
386
386
387
395
396
396
400
401
406
408
410
410
412
412
413
415
416
419
420
423
425
428
428
429
429
431
433
433
433
437
437
438
441
444
445
445
446
446
447
453
453
458
458
460
461
463
464
468
471
471
472
475
478
478
479
481
482
484
486
490
491
500
501
504
505
507
518
518
521
522
523
524
525
526
527
530
532
539
540
540
548
549
560
566
567
568
569
570
576
576
577
577
579
580
580
581
581
582
583
587
588
592
593
594
595
598
603
603
606
609
609
612
612
616
616
617
620
629
630
632
633
634
636
638
641
642
643
644
650
650
655
656
664
665
665
667
669
669
671
671
671
673
674
676
678
679
679
680
687
690
691
692
693
694
696
700
701
702
703
707
709
713
713
714
715
717
719
722
725
725
728
731
732
734
745
746
748
751
753
757
758
761
763
766
766
766
769
772
772
774
774
779
783
784
784
784
785
785
787
790
790
799
800
801
802
806
806
806
807
808
808
809
813
817
818
818
818
821
822
825
828
829
830
831
835
837
840
841
841
841
844
844
847
847
854
858
862
862
863
866
868
869
870
872
873
876
877
881
885
887
895
897
898
901
901
904
906
906
908
914
915
923
924
924
925
926
927
928
931
933
936
937
937
943
944
947
949
950
950
955
957
957
958
960
960
960
963
964
970
972
973
978
979
981
981
981
983
989
991
993
996
1001
1002
1002
1004
1005
1006
1008
1009
1011
1012
1013
1015
1018
1019
1019
1020
1022
1025
1025
1026
1028
1032
1035
1036
1037
1038
1039
1039
1040
1042
1043
1044
1046
1046
1049
1056
1061
1063
1064
1064
1066
1068
1070
1073
1074
1082
1082
1089
1091
1094
1096
1096
1096
1097
1101
1104
1108
1111
1112
1112
1112
1112
1113
1113
1116
1120
1121
1122
1126
1129
1129
1130
1131
1136
1136
1147
1149
1149
1151
1152
1152
1152
1153
1153
1155
1156
1158
1164
1164
1165
1165
1169
1172
1172
1173
1174
1178
1179
1180
1182
1184
1190
1191
1192
1194
1201
1203
1207
1208
1209
1213
1221
1221
1223
1225
1225
1226
1230
1232
1233
1233
1239
1240
1241
1241
1244
1247
1247
1247
1248
1251
1254
1254
1255
1258
1267
1277
1284
1284
1285
1287
1289
1290
1292
1292
1296
1297
1298
1299
1299
1300
1302
1304
1307
1309
1311
1313
1315
1316
1317
1319
1323
1323
1326
1328
1328
1329
1331
1331
1333
1333
1334
1335
1336
1338
1340
1341
1341
1342
1342
1343
1346
1346
1350
1352
1353
1354
1358
1358
1363
1363
1363
1367
1367
1368
1368
1377
1377
1379
1383
1384
1386
1386
1386
1387
1391
1391
1396
1401
1401
1402
1403
1405
1407
1411
1412
1416
1417
1421
1425
1426
1429
1434
1436
1436
1439
1443
1448
1452
1453
1453
1464
1469
1477
1480
1483
1484
1486
1490
1491
1491
1491
1492
1495
1498
1498
1499
1501
1503
1507
1507
1509
1509
1513
1513
1514
1519
1522
1522
1522
1523
1527
1530
1530
1531
1532
1532
1537
1538
1538
1539
1541
1541
1541
1542
1542
1542
1544
1549
1553
1553
1554
1554
1557
1568
1569
1573
1573
1574
1577
1578
1579
1583
1592
1594
1594
1594
1594
1598
1600
1601
1604
1609
1615
1615
1618
1618
1621
1622
1623
1623
1623
1623
1624
1624
1626
1626
1627
1627
1627
1631
1634
1636
1637
1638
1639
1640
1642
1643
1643
1643
1645
1653
1653
1653
1653
1656
1657
1663
1663
1664
1666
1667
1668
1680
1680
1681
1684
1686
1687
1687
1688
1688
1689
1691
1698
1704
1706
1708
1709
1710
1712
1712
1714
1715
1718
1719
1720
1720
1720
1721
1727
1729
1732
1733
1734
1735
1740
1740
1743
1744
1747
1749
1751
1752
1752
1758
1761
1762
1769
1772
1773
1777
1778
1784
1785
1785
1788
1789
1791
1792
1792
1793
1794
1800
1806
1807
1807
1809
1809
1812
1816
1817
1822
1822
1825
1827
1827
1833
1835
1835
1836
1837
1839
1840
1841
1846
1848
1850
1853
1854
1855
1855
1857
1857
1858
1859
1862
1862
1864
1865
1866
1867
1871
1873
1874
1876
1876
1878
1888
1888
1895
1896
1897
1898
1900
1901
1901
1901
1901
1903
1906
1907
1908
1912
1913
1916
1921
1922
1924
1924
1925
1926
1929
1930
1930
1930
1932
1933
1935
1936
1936
1938
1939
1942
1942
1950
1951
1952
1952
1952
1952
1956
1959
1967
1967
1970
1970
1975
1978
1978
1979
1982
1983
1985
1985
1988
1991
1994
1994
1996
2001
2002
2004
2005
2005
2007
2008
2008
2012
2016
2021
2022
2022
2024
2025
2026
2029
2029
2030
2034
2035
2037
2037
2038
2039
2039
2040
2042
2044
2049
2052
2055
2057
2061
2061
2062
2065
2068
2071
2073
2075
2077
2077
2079
2081
2082
2082
2083
2086
2088
2088
2092
2094
2095
2097
2097
2101
2106
2107
2112
2113
2115
2120
2124
2129
2130
2131
2131
2135
2136
2150
2151
2154
2154
2156
2163
2164
2165
2167
2168
2169
2170
2170
2171
2172
2173
2175
2176
2177
2182
2187
2187
2189
2190
2191
2191
2195
2199
2203
2204
2206
2207
2207
2207
2208
2212
2212
2214
2216
2217
2219
2221
2225
2225
2225
2228
2229
2232
2234
2234
2238
2252
2253
2254
2262
2263
2265
2266
2269
2272
2274
2279
2280
2282
2285
2286
2288
2289
2290
2291
2293
2294
2294
2295
2297
2298
2299
2300
2300
2302
2303
2304
2306
2308
2309
2310
2311
2320
2320
2324
2326
2328
2328
2328
2328
2330
2332
2334
2334
2334
2335
2336
2336
2337
2338
2340
2341
2342
2348
2353
2356
2362
2362
2364
2366
2367
2369
2372
2374
2374
2377
2380
2381
2383
2388
2390
2394
2395
2395
2401
2403
2404
2405
2405
2409
2411
2412
2413
2414
2417
2421
2423
2423
2424
2429
2429
2433
2434
2434
2435
2435
2441
2446
2446
2448
2448
2449
2450
2451
2452
2453
2454
2454
2455
2459
2460
2461
2462
2466
2468
2471
2474
2480
2482
2483
2486
2486
2492
2494
2495
2495
2497
2497
2501
2503
2506
2511
2512
2513
2515
2518
2518
2518
2519
2519
2521
2521
2523
2523
2526
2530
2536
2536
2538
2542
2542
2543
2543
2543
2544
2545
2547
2552
2556
2556
2557
2557
2558
2558
2562
2563
2563
2566
2567
2569
2570
2570
2572
2576
2581
2584
2585
2586
2587
2592
2595
2597
2600
2605
2608
2609
2614
2616
2617
2618
2618
2619
2620
2624
2627
2628
2630
2633
2633
2634
2635
2635
2637
2638
2638
2639
2643
2643
2648
2650
2651
2651
2656
2660
2669
2669
2670
2670
2671
2673
2675
2675
2676
2677
2677
2678
2678
2681
2682
2690
2690
2693
2694
2701
2708
2708
2708
2710
2710
2717
2720
2720
2721
2723
2727
2729
2731
2732
2733
2734
2738
2742
2743
2744
2748
2750
2753
2757
2757
2759
2761
2762
2763
2763
2765
2766
2768
2769
2770
2770
2772
2773
2773
2776
2778
2781
2782
2787
2790
2794
2795
2795
2798
2798
2798
2799
2799
2801
2802
2802
2802
2803
2806
2807
2808
2808
2813
2814
2818
2818
2824
2825
2834
2837
2840
2841
2844
2846
2846
2846
2849
2849
2851
2852
2853
2855
2858
2859
2864
2865
2868
2871
2872
2874
2876
2876
2877
2880
2883
2885
2887
2887
2889
2891
2893
2893
2895
2896
2896
2898
2898
2900
2902
2902
2905
2907
2910
2911
2912
2919
2919
2919
2924
2926
2926
2927
2928
2930
2931
2931
2932
2936
2938
2939
2940
2945
2945
2946
2947
2947
2951
2956
2957
2957
2959
2961
2963
2965
2966
2974
2976
2979
2980
2986
2986
2988
2990
2991
2993
2993
2993
2994
2995
2998
2998
2999
3005
3007
3007
3009
3010
3014
3017
3018
3019
3020
3025
3026
3030
3033
3035
3035
3038
3043
3046
3047
3049
3050
3051
3051
3052
3052
3059
3059
3070
3070
3071
3074
3074
3075
3076
3077
3084
3084
3087
3088
3095
3099
3099
3101
3102
3102
3102
3104
3106
3107
3115
3116
3119
3122
3122
3127
3129
3130
3134
3136
3137
3140
3144
3145
3148
3148
3151
3152
3160
3164
3167
3167
3169
3170
3172
3173
3175
3178
3179
3182
3183
3185
3185
3186
3186
3187
3188
3189
3190
3190
3191
3192
3194
3200
3203
3205
3211
3211
3212
3212
3212
3217
3217
3220
3221
3223
3224
3224
3226
3229
3230
3230
3233
3234
3238
3241
3241
3243
3244
3249
3251
3252
3254
3256
3257
3258
3260
3262
3264
3269
3271
3272
3274
3275
3276
3277
3281
3286
3286
3287
3289
3289
3298
3299
3301
3302
3302
3307
3307
3307
3308
3310
3313
3314
3316
3317
3318
3319
3320
3320
3322
3324
3324
3325
3325
3327
3331
3333
3334
3336
3338
3341
3345
3345
3348
3353
3359
3360
3360
3360
3361
3362
3364
3365
3365
3367
3369
3371
3375
3377
3379
3379
3380
3383
3386
3389
3389
3392
3393
3397
3398
3399
3399
3402
3402
3403
3403
3406
3406
3408
3413
3419
3419
3421
3421
3422
3423
3425
3425
3427
3429
3430
3432
3433
3439
3442
3445
3446
3447
3451
3457
3459
3461
3461
3466
3467
3468
3469
3474
3475
3483
3487
3488
3491
3491
3496
3497
3507
3508
3508
3511
3518
3522
3525
3526
3528
3533
3533
3534
3535
3535
3536
3537
3548
3557
3559
3561
3565
3565
3568
3569
3570
3574
3580
3581
3582
3585
3586
3588
3589
3589
3592
3595
3597
3598
3599
3599
3600
3602
3602
3604
3604
3604
3608
3611
3615
3623
3629
3631
3636
3639
3644
3646
3652
3652
3655
3656
3656
3658
3660
3662
3662
3663
3668
3669
3672
3676
3679
3684
3686
3690
3692
3696
3697
3699
3702
3702
3703
3703
3704
3704
3711
3712
3715
3717
3717
3718
3720
3728
3728
3728
3729
3732
3733
3733
3733
3734
3735
3739
3740
3743
3746
3747
3748
3751
3753
3753
3756
3760
3762
3765
3768
3769
3769
3770
3772
3772
3773
3774
3776
3776
3776
3788
3789
3790
3794
3796
3797
3800
3801
3801
3807
3807
3808
3824
3825
3827
3829
3831
3832
3833
3834
3839
3840
3840
3841
3841
3845
3845
3845
3846
3847
3847
3849
3853
3854
3854
3855
3857
3862
3865
3866
3866
3871
3871
3879
3880
3884
3886
3888
3891
3893
3893
3894
3896
3898
3901
3903
3903
3905
3906
3906
3909
3909
3913
3915
3915
3917
3921
3923
3923
3930
3931
3931
3933
3933
3933
3933
3935
3939
3941
3945
3947
3947
3948
3949
3957
3957
3961
3961
3962
3962
3965
3968
3970
3971
3977
3979
3980
3988
3990
3992
3992
3994
3994
3998
3999
4001
4007
4009
4010
4011
4012
4014
4014
4014
4014
4017
4018
4018
4021
4026
4026
4031
4032
4032
4033
4034
4035
4039
4040
4043
4049
4051
4052
4055
4057
4058
4060
4061
4062
4063
4064
4064
4064
4064
4069
4070
4075
4076
4080
4081
4083
4085
4088
4089
4090
4091
4094
4094
4094
4094
4095
4096
4097
4097
4101
4101
4101
4103
4110
4112
4112
4115
4120
4121
4122
4127
4131
4132
4133
4134
4140
4140
4140
4143
4143
4145
4146
4146
4150
4152
4153
4154
4155
4156
4156
4157
4158
4160
4161
4161
4170
4171
4171
4173
4173
4173
4176
4177
4182
4182
4185
4191
4191
4192
4193
4194
4195
4196
4197
4202
4202
4203
4205
4206
4206
4206
4209
4212
4217
4220
4225
4227
4230
4230
4237
4237
4239
4242
4243
4244
4244
4244
4248
4250
4253
4255
4256
4258
4258
4259
4260
4262
4271
4273
4273
4275
4277
4277
4278
4279
4281
4287
4290
4291
4295
4296
4296
4297
4298
4301
4304
4305
4305
4309
4311
4311
4312
4314
4316
4316
4319
4320
4323
4324
4325
4327
4329
4330
4332
4335
4335
4336
4337
4342
4343
4347
4348
4349
4350
4350
4350
4354
4356
4358
4362
4367
4370
4372
4376
4379
4381
4382
4388
4388
4392
4393
4394
4394
4397
4397
4398
4398
4400
4403
4403
4410
4410
4411
4411
4415
4419
4422
4425
4425
4430
4432
4432
4435
4436
4441
4441
4443
4445
4447
4448
4451
4453
4463
4463
4464
4465
4469
4470
4471
4478
4479
4480
4482
4486
4493
4495
4496
4496
4498
4499
4503
4503
4503
4505
4508
4509
4514
4514
4517
4518
4518
4519
4520
4520
4522
4523
4523
4524
4524
4525
4528
4529
4529
4532
4533
4536
4543
4545
4548
4549
4552
4552
4554
4555
4555
4555
4559
4559
4560
4560
4565
4565
4567
4573
4577
4580
4580
4583
4583
4587
4590
4591
4593
4594
4607
4614
4616
4620
4626
4626
4629
4634
4636
4650
4652
4653
4655
4657
4658
4660
4660
4668
4668
4668
4672
4675
4676
4676
4677
4682
4689
4690
4693
4696
4698
4700
4702
4702
4703
4703
4708
4709
4711
4712
4717
4719
4720
4727
4728
4730
4733
4736
4736
4738
4738
4739
4742
4745
4749
4750
4751
4751
4756
4761
4763
4764
4768
4770
4771
4771
4773
4775
4776
4778
4780
4782
4782
4782
4784
4786
4786
4787
4789
4790
4791
4794
4797
4799
4799
4801
4804
4804
4808
4814
4816
4816
4817
4830
4831
4835
4842
4843
4843
4845
4848
4851
4852
4853
4853
4855
4856
4859
4859
4860
4867
4868
4871
4874
4875
4881
4883
4883
4887
4887
4889
4891
4896
4898
4898
4903
4904
4911
4911
4912
4915
4917
4918
4919
4920
4920
4920
4924
4924
4925
4925
4929
4930
4935
4936
4937
4938
4942
4945
4945
4948
4949
4949
4949
4950
4951
4952
4962
4966
4969
4969
4970
4970
4972
4972
4973
4975
4976
4977
4983
4983
4984
4984
4984
4987
4990
4990
4991
4991
4991
4994
4994
4996
5000
5001
5009
5012
5012
5012
5015
5017
5022
5027
5027
5028
5028
5031
5034
5034
5038
5044
5046
5047
5048
5049
5050
5052
5057
5058
5061
5061
5065
5071
5073
5079
5089
5089
5090
5093
5094
5094
5094
5098
5100
5100
5102
5104
5112
5114
5116
5118
5121
5122
5123
5123
5126
5129
5129
5130
5130
5135
5136
5137
5137
5137
5139
5140
5144
5145
5146
5147
5148
5148
5152
5155
5156
5157
5157
5158
5159
5161
5164
5164
5164
5166
5167
5169
5170
5171
5176
5177
5178
5178
5180
5183
5183
5184
5184
5186
5189
5193
5194
5202
5204
5207
5207
5209
5210
5213
5214
5214
5216
5221
5222
5223
5224
5226
5226
5226
5230
5234
5237
5239
5241
5247
5248
5248
5249
5253
5260
5262
5263
5264
5264
5268
5269
5272
5276
5278
5278
5279
5281
5281
5287
5292
5293
5295
5297
5298
5299
5300
5302
5303
5306
5306
5308
5309
5312
5312
5314
5319
5321
5322
5323
5326
5326
5326
5328
5329
5330
5331
5336
5337
5340
5340
5340
5345
5350
5350
5352
5352
5353
5354
5356
5365
5366
5367
5368
5369
5374
5379
5381
5382
5385
5385
5386
5388
5393
5393
5394
5395
5396
5399
5399
5400
5402
5405
5407
5411
5417
5420
5421
5421
5426
5428
5428
5432
5433
5437
5437
5438
5440
5442
5446
5446
5450
5453
5454
5455
5456
5462
5462
5462
5465
5466
5466
5468
5468
5470
5471
5471
5472
5472
5473
5474
5475
5476
5478
5481
5481
5483
5484
5487
5488
5489
5494
5496
5498
5498
5500
5502
5503
5504
5504
5507
5509
5510
5510
5514
5517
5518
5519
5519
5520
5526
5527
5527
5529
5531
5536
5538
5539
5540
5542
5547
5548
5548
5550
5551
5551
5558
5561
5561
5562
5566
5568
5575
5582
5584
5585
5586
5587
5589
5591
5597
5602
5603
5605
5609
5610
5611
5612
5613
5613
5614
5614
5620
5621
5622
5624
5625
5627
5627
5627
5636
5637
5638
5640
5645
5646
5647
5648
5649
5649
5650
5652
5652
5655
5657
5657
5659
5665
5668
5671
5673
5673
5677
5678
5680
5680
5681
5683
5684
5686
5689
5690
5693
5697
5701
5714
5716
5719
5723
5725
5733
5734
5737
5738
5738
5739
5739
5740
5750
5751
5755
5766
5769
5780
5781
5783
5786
5787
5788
5788
5791
5791
5792
5792
5792
5796
5797
5800
5800
5807
5809
5811
5811
5812
5812
5813
5816
5818
5820
5821
5821
5822
5823
5826
5827
5828
5828
5829
5832
5833
5835
5836
5836
5837
5838
5839
5839
5842
5844
5847
5853
5853
5858
5860
5860
5866
5871
5872
5874
5874
5874
5875
5876
5876
5876
5877
5880
5884
5890
5894
5894
5897
5901
5902
5903
5905
5908
5908
5909
5909
5909
5910
5911
5912
5920
5923
5926
5928
5928
5929
5934
5934
5936
5937
5938
5939
5940
5942
5943
5943
5947
5949
5950
5954
5959
5962
5962
5962
5966
5967
5968
5974
5980
5981
5982
5983
5986
5987
5987
5989
5991
5995
5999
5999
6000
6001
6004
6007
6008
6009
6010
6011
6014
6016
6017
6017
6019
6022
6027
6028
6028
6031
6032
6034
6034
6036
6038
6042
6043
6046
6055
6055
6057
6058
6060
6061
6061
6063
6065
6066
6069
6071
6075
6077
6077
6078
6079
6082
6083
6088
6088
6091
6092
6096
6096
6097
6099
6101
6101
6103
6108
6109
6111
6113
6113
6115
6116
6118
6119
6119
6121
6121
6122
6124
6127
6127
6128
6128
6130
6136
6139
6139
6142
6147
6150
6150
6151
6151
6155
6155
6163
6165
6165
6166
6173
6174
6177
6181
6183
6184
6184
6185
6187
6193
6195
6201
6210
6213
6220
6221
6221
6221
6222
6223
6226
6229
6229
6238
6240
6241
6242
6242
6243
6245
6246
6248
6252
6253
6254
6256
6257
6263
6264
6265
6265
6265
6268
6270
6271
6273
6275
6276
6277
6280
6284
6286
6289
6290
6291
6294
6295
6300
6300
6303
6309
6309
6313
6315
6315
6322
6325
6330
6330
6333
6335
6336
6338
6341
6341
6343
6343
6344
6347
6352
6352
6356
6359
6359
6360
6362
6363
6366
6367
6367
6370
6371
6382
6382
6383
6386
6387
6388
6389
6391
6395
6397
6400
6403
6404
6404
6405
6405
6407
6410
6414
6416
6417
6420
6422
6424
6428
6429
6430
6431
6432
6433
6433
6435
6435
6436
6437
6437
6441
6445
6446
6447
6448
6450
6453
6456
6463
6463
6466
6472
6478
6481
6483
6483
6485
6485
6487
6487
6489
6497
6498
6498
6508
6510
6511
6511
6514
6516
6517
6517
6519
6521
6521
6522
6522
6522
6524
6524
6525
6525
6526
6528
6529
6530
6531
6531
6533
6533
6534
6539
6540
6548
6551
6551
6552
6554
6556
6557
6559
6563
6569
6574
6574
6581
6582
6582
6586
6589
6593
6594
6599
6601
6601
6610
6612
6617
6617
6618
6619
6619
6622
6623
6626
6630
6633
6634
6636
6637
6637
6638
6640
6643
6645
6647
6647
6660
6663
6664
6670
6677
6680
6680
6681
6681
6688
6689
6689
6691
6695
6695
6696
6700
6700
6703
6706
6706
6707
6708
6714
6716
6716
6717
6718
6721
6721
6722
6724
6724
6725
6729
6737
6740
6746
6749
6751
6751
6751
6753
6756
6756
6759
6761
6763
6766
6769
6769
6773
6776
6777
6777
6778
6781
6781
6783
6786
6788
6788
6789
6790
6790
6790
6796
6798
6798
6800
6803
6804
6805
6807
6809
6810
6818
6818
6820
6821
6821
6823
6825
6825
6828
6831
6833
6834
6835
6837
6837
6838
6838
6839
6841
6851
6851
6854
6860
6860
6862
6868
6871
6872
6873
6874
6876
6876
6877
6879
6884
6890
6891
6892
6895
6896
6897
6899
6901
6905
6905
6906
6906
6910
6912
6915
6917
6918
6919
6920
6921
6930
6932
6933
6933
6935
6937
6937
6938
6940
6941
6943
6950
6950
6951
6952
6952
6953
6956
6960
6960
6966
6968
6968
6971
6974
6976
6976
6978
6981
6983
6985
6985
6986
6986
6986
6986
6987
6990
6990
6991
6994
6997
7000
7003
7006
7008
7008
7013
7017
7020
7020
7024
7026
7027
7031
7032
7032
7033
7037
7037
7041
7043
7046
7047
7048
7055
7055
7056
7058
7058
7058
7059
7059
7060
7064
7070
7071
7072
7073
7084
7085
7087
7092
7095
7096
7097
7099
7101
7101
7104
7105
7105
7107
7109
7112
7113
7113
7114
7119
7119
7124
7125
7127
7129
7131
7132
7133
7133
7134
7134
7134
7135
7136
7136
7138
7140
7141
7142
7143
7146
7147
7154
7155
7160
7160
7161
7163
7165
7165
7168
7169
7175
7177
7182
7185
7188
7188
7189
7189
7189
7190
7193
7195
7195
7196
7200
7200
7201
7202
7202
7202
7204
7205
7206
7207
7208
7208
7210
7218
7223
7223
7224
7224
7225
7228
7229
7231
7236
7236
7239
7240
7248
7250
7252
7257
7257
7257
7258
7259
7260
7261
7261
7262
7267
7270
7273
7273
7273
7275
7283
7283
7284
7292
7292
7296
7297
7300
7302
7303
7304
7304
7304
7305
7307
7308
7312
7317
7322
7325
7325
7326
7326
7333
7337
7337
7339
7339
7341
7349
7351
7352
7355
7355
7359
7362
7365
7370
7370
7372
7382
7383
7385
7386
7387
7388
7389
7391
7395
7395
7395
7402
7402
7402
7409
7409
7413
7414
7415
7420
7421
7423
7423
7427
7428
7431
7431
7431
7433
7436
7440
7447
7452
7455
7456
7456
7461
7462
7462
7462
7467
7471
7475
7475
7477
7481
7486
7487
7492
7493
7494
7497
7497
7498
7499
7502
7504
7505
7506
7512
7513
7517
7517
7518
7519
7519
7521
7523
7529
7529
7531
7532
7533
7535
7536
7538
7538
7539
7540
7541
7541
7544
7547
7547
7548
7551
7556
7557
7559
7562
7565
7566
7566
7566
7569
7569
7573
7576
7576
7578
7578
7579
7579
7582
7583
7583
7585
7586
7586
7589
7591
7594
7595
7599
7599
7600
7600
7602
7602
7603
7603
7607
7608
7609
7610
7611
7611
7612
7615
7615
7622
7624
7629
7631
7633
7637
7637
7641
7643
7645
7649
7650
7652
7653
7655
7656
7659
7660
7662
7663
7666
7668
7670
7671
7675
7675
7676
7681
7683
7693
7694
7695
7695
7698
7698
7700
7700
7700
7701
7703
7704
7708
7708
7711
7714
7714
7718
7719
7720
7722
7723
7725
7725
7727
7730
7734
7736
7738
7740
7743
7748
7750
7750
7752
7753
7759
7759
7759
7761
7766
7768
7769
7771
7774
7775
7778
7784
7785
7786
7787
7789
7794
7796
7797
7805
7807
7808
7810
7811
7813
7817
7827
7828
7835
7843
7844
7845
7846
7846
7849
7850
7854
7857
7860
7861
7864
7865
7868
7868
7869
7871
7876
7880
7880
7881
7882
7883
7887
7893
7901
7902
7902
7903
7907
7909
7913
7915
7919
7920
7924
7926
7928
7928
7932
7935
7936
7938
7939
7941
7942
7942
7947
7947
7950
7952
7956
7959
7963
7963
7964
7972
7976
7977
7979
7979
7979
7980
7981
7982
7984
7984
7987
7992
7998
7998
8001
8002
8003
8003
8003
8004
8004
8004
8005
8008
8012
8012
8015
8017
8019
8020
8020
8023
8024
8025
8028
8028
8028
8030
8036
8036
8038
8040
8040
8040
8041
8042
8043
8043
8050
8052
8054
8056
8056
8056
8059
8060
8060
8060
8061
8063
8064
8067
8068
8075
8075
8079
8081
8083
8084
8085
8087
8091
8092
8092
8092
8093
8093
8093
8096
8097
8099
8101
8103
8106
8107
8113
8116
8116
8118
8123
8126
8131
8131
8133
8135
8136
8136
8138
8138
8139
8147
8147
8147
8148
8149
8149
8153
8155
8157
8157
8161
8161
8162
8172
8172
8174
8174
8176
8177
8177
8177
8178
8180
8180
8182
8184
8185
8185
8186
8187
8190
8196
8203
8205
8206
8214
8217
8219
8221
8221
8221
8223
8226
8231
8231
8234
8236
8238
8238
8241
8244
8245
8247
8247
8248
8248
8248
8250
8255
8261
8263
8263
8263
8265
8268
8271
8276
8279
8284
8288
8290
8292
8293
8293
8294
8294
8298
8299
8301
8301
8302
8303
8307
8307
8309
8311
8315
8321
8322
8323
8325
8327
8329
8333
8335
8335
8335
8335
8336
8338
8338
8338
8340
8341
8348
8353
8353
8354
8363
8363
8364
8364
8365
8367
8373
8374
8377
8379
8382
8383
8384
8385
8386
8388
8392
8394
8394
8396
8397
8401
8402
8402
8406
8408
8411
8412
8413
8416
8420
8424
8426
8427
8428
8435
8438
8440
8443
8443
8445
8446
8451
8455
8457
8459
8463
8470
8472
8475
8475
8475
8475
8480
8482
8485
8491
8491
8491
8493
8495
8500
8500
8502
8502
8502
8510
8510
8512
8512
8513
8513
8517
8517
8517
8519
8523
8523
8524
8525
8529
8532
8536
8539
8542
8544
8545
8545
8552
8554
8555
8555
8556
8556
8558
8559
8562
8563
8569
8572
8573
8573
8574
8574
8580
8580
8581
8584
8586
8586
8586
8587
8589
8591
8591
8591
8594
8600
8605
8606
8606
8613
8613
8615
8620
8622
8626
8630
8631
8635
8636
8637
8640
8643
8645
8645
8646
8648
8649
8649
8650
8656
8656
8656
8659
8659
8659
8662
8665
8667
8673
8676
8678
8679
8680
8681
8683
8685
8685
8689
8689
8692
8692
8692
8695
8704
8705
8707
8711
8714
8722
8724
8726
8729
8730
8732
8738
8739
8739
8740
8741
8746
8750
8754
8754
8755
8756
8757
8759
8760
8762
8769
8772
8772
8773
8776
8778
8781
8781
8781
8784
8785
8785
8789
8791
8795
8796
8798
8799
8801
8805
8807
8812
8814
8815
8817
8818
8820
8822
8825
8827
8829
8831
8836
8838
8838
8840
8841
8841
8844
8844
8845
8846
8848
8849
8853
8854
8855
8859
8859
8861
8862
8864
8867
8869
8875
8876
8881
8881
8884
8888
8890
8892
8892
8893
8895
8898
8899
8901
8902
8905
8906
8908
8908
8909
8914
8914
8916
8917
8918
8920
8923
8923
8928
8929
8931
8932
8932
8932
8934
8935
8936
8943
8949
8950
8951
8951
8955
8957
8958
8959
8960
8960
8961
8962
8964
8965
8970
8970
8971
8973
8974
8975
8977
8979
8979
8983
8985
8985
8986
8988
8992
8994
8997
8998
9000
9001
9001
9003
9004
9004
9009
9009
9009
9013
9021
9023
9026
9030
9031
9034
9039
9047
9051
9052
9053
9054
9055
9057
9058
9063
9063
9064
9066
9067
9073
9075
9081
9082
9083
9087
9090
9090
9090
9090
9091
9092
9095
9100
9101
9104
9107
9108
9114
9115
9115
9119
9124
9125
9132
9134
9134
9135
9137
9138
9143
9145
9146
9147
9147
9147
9151
9151
9153
9156
9160
9160
9164
9167
9167
9167
9168
9169
9171
9172
9173
9173
9174
9181
9185
9186
9190
9192
9193
9196
9198
9200
9201
9202
9203
9205
9206
9207
9208
9209
9210
9211
9212
9215
9217
9220
9220
9222
9229
9236
9238
9241
9242
9243
9246
9247
9248
9250
9251
9253
9254
9256
9256
9256
9259
9259
9262
9262
9263
9265
9267
9267
9271
9274
9276
9276
9277
9279
9280
9282
9292
9293
9293
9293
9293
9294
9294
9295
9296
9297
9298
9299
9300
9305
9306
9308
9314
9315
9315
9321
9325
9329
9330
9335
9340
9343
9348
9358
9363
9364
9366
9373
9376
9380
9382
9382
9386
9387
9389
9390
9391
9393
9396
9400
9401
9405
9405
9408
9409
9410
9410
9411
9412
9414
9414
9417
9421
9422
9431
9432
9433
9435
9436
9437
9439
9440
9441
9442
9443
9444
9444
9447
9450
9451
9453
9454
9457
9457
9457
9458
9459
9466
9466
9468
9469
9471
9472
9473
9474
9474
9475
9478
9478
9481
9485
9488
9488
9491
9491
9494
9496
9499
9500
9503
9503
9504
9505
9508
9514
9515
9516
9516
9519
9519
9520
9525
9528
9529
9530
9530
9531
9538
9547
9549
9549
9550
9552
9553
9555
9557
9558
9562
9563
9564
9564
9566
9567
9574
9575
9576
9578
9581
9586
9587
9589
9589
9589
9590
9593
9597
9598
9598
9600
9607
9608
9612
9612
9614
9615
9623
9624
9626
9627
9632
9636
9640
9640
9642
9643
9645
9647
9647
9652
9654
9657
9658
9660
9662
9663
9665
9666
9667
9667
9667
9667
9669
9676
9677
9678
9679
9679
9680
9681
9681
9682
9686
9694
9696
9696
9700
9701
9710
9711
9715
9716
9719
9720
9727
9728
9732
9732
9734
9734
9738
9739
9743
9744
9744
9746
9747
9747
9749
9750
9758
9760
9760
9766
9769
9770
9771
9771
9783
9787
9788
9788
9789
9791
9793
9794
9794
9795
9795
9801
9803
9809
9809
9810
9810
9813
9814
9814
9817
9820
9822
9823
9830
9832
9840
9841
9843
9845
9850
9852
9856
9859
9863
9865
9865
9865
9866
9866
9866
9867
9868
9868
9870
9870
9871
9872
9872
9872
9873
9874
9884
9884
9884
9886
9887
9888
9890
9890
9893
9893
9897
9905
9906
9907
9908
9912
9914
9914
9915
9918
9919
9923
9923
9923
9924
9926
9931
9932
9933
9934
9935
9936
9940
9944
9950
9953
9954
9957
9958
9961
9968
9969
9972
9979
9983
9984
9984
9985
9989
9989
9989
9989
9989
9990
9994
9994
9995
9996
9997
9997
9998
9998
9999
10000
sorted
